/*--------------------------------*- C++ -*----------------------------------*\
| =========                 |                                                 |
| \\      /  F ield         | OpenFOAM: The Open Source CFD Toolbox           |
|  \\    /   O peration     | Version:  2412                                  |
|   \\  /    A nd           | Website:  www.openfoam.com                      |
|    \\/     M anipulation  |                                                 |
\*---------------------------------------------------------------------------*/
FoamFile
{
    version     2.0;
    format      binary;
    arch        "LSB;label=32;scalar=64";
    class       cellSet;
    location    "constant/polyMesh/sets";
    object      inletCellZone;
}
// * * * * * * * * * * * * * * * * * * * * * * * * * * * * * * * * * * * * * //


3520
(
0
147458
155652
65540
4
32773
90117
12
106509
155666
57362
24594
122900
23
81944
139288
49182
16416
98337
155682
36
73767
114729
41002
8234
131118
147506
52
65589
90165
155702
32822
106557
57411
24643
122948
72
81992
139336
155726
49231
16465
98385
73816
114777
41051
8284
131166
96
147554
90213
65638
32871
155754
106605
57460
24692
122996
82040
139384
124
49280
98433
16514
73865
114825
155788
41100
8334
131214
147602
90261
65687
32920
106653
158
123044
57509
24741
82088
139432
49329
98481
16563
155832
114873
73914
41149
131262
8384
147650
90309
147655
65736
32969
202
106701
147663
123092
57558
24790
82136
139480
147674
98529
49378
16612
147688
114921
155882
73962
41198
131310
8434
90357
147704
65785
33018
252
106749
123140
57607
24839
82184
139528
147724
98577
49427
16661
114969
74010
155932
131358
41247
8483
147748
90405
65834
33067
106797
302
123188
57656
24888
82232
139576
147776
98625
49476
16710
115017
74058
155982
131406
41296
8532
90453
65883
33116
106845
352
147810
123236
82280
139624
57705
24937
98673
49525
16759
115065
74106
131454
156032
41345
8581
90501
65932
33165
106893
147854
402
123284
82328
139672
57754
24986
139677
98721
139685
49574
16808
115113
74154
131502
139696
156082
41394
90549
8630
65980
106941
33214
139710
147904
452
123332
82376
57803
25035
139726
98769
49623
16857
115161
74202
131550
139746
156131
41443
90597
8679
66028
106989
33263
147954
123380
501
82424
139770
57852
25084
98817
49672
115209
16906
74250
131598
156180
41492
90645
139798
8728
66076
107037
33312
123428
148004
550
82472
57901
25133
98865
139832
49721
115257
74298
16955
131646
156229
41541
90693
8777
66124
107085
33361
123476
148054
599
82520
57950
25182
98913
139876
115305
49770
74346
17004
131694
131699
90741
156278
41590
8826
131707
66172
107133
33410
123524
131718
648
82568
148104
57998
25231
98961
131732
139926
115353
74394
49819
17053
131748
90789
156327
41639
8875
66220
107181
33459
123572
82616
131768
697
148153
58046
25280
99009
139976
115401
74442
49868
17102
131792
90837
156376
41688
66268
8924
107229
33508
123620
82664
746
148202
131820
58094
25329
99057
115449
74490
140026
49917
17151
90885
156425
41737
66316
8973
107277
131854
123668
33557
82712
795
148251
58142
99105
25378
115497
74538
140076
49966
17200
90933
156474
41786
131898
66364
107325
9022
123716
33606
82760
123721
844
148300
58190
99153
123729
25427
115545
74586
123740
140126
50015
17249
90981
123754
156523
41835
66412
131948
107373
9071
33655
82808
123770
893
148349
58238
99201
25476
115593
74634
123790
50063
140175
17298
91029
156572
66460
41884
107421
131998
9120
123814
33704
82856
148398
58286
942
99249
25525
115641
74682
50111
140224
123842
17347
91077
66508
156621
41933
107469
132048
9169
82904
33753
58334
148447
991
99297
123876
25574
115689
74730
50159
140273
17396
91125
66556
107517
156670
41982
9218
132098
82952
33802
58382
148496
1040
123920
99345
25623
115737
74778
115742
50207
140322
17445
91173
115750
66604
107565
156719
42031
115761
9267
132148
83000
33851
58430
115775
148545
1089
99393
123970
25672
74826
50255
115791
140371
91221
17494
66652
107613
42079
156768
115811
9316
132197
83048
33900
58478
99441
148594
1138
124020
25721
74874
115835
50303
140420
91269
17543
66700
107661
42127
156817
9365
132246
115863
83096
33949
58526
99489
148643
1187
124070
25770
74922
50351
91317
140469
17592
115897
66748
107709
42175
156866
9414
132295
83144
58574
33998
99537
148692
1236
124120
74970
25819
50399
91365
115941
140518
17641
66796
107757
42223
107762
156915
9463
83192
132344
107770
58622
34047
99585
148741
1285
107781
75018
124170
25868
50447
107795
91413
115991
140567
17690
66844
42271
107811
156964
9512
83240
132393
58670
34095
99633
148790
1334
107831
75066
124219
25917
50495
91461
140616
116041
17739
66892
42319
107855
157013
83288
9561
132442
58718
34143
99681
148839
1383
75114
107883
124268
25966
50543
91509
140665
116091
66940
17788
42367
157062
83336
9610
132491
107917
58766
34191
99729
148888
1432
75162
124317
50591
26015
91557
140714
66988
17837
116141
42415
157111
83384
107961
9659
132540
58814
34239
99777
99782
148937
1481
75210
99790
124366
50639
26064
91605
99801
140763
67036
17886
42463
116191
99815
157160
83432
108011
9708
132589
58862
34287
99831
148986
1530
75258
50687
124415
26112
91653
99851
67084
140812
42511
17935
116240
83480
157209
9757
108061
58910
132638
34335
99875
75306
149035
1579
50735
26160
124464
91701
67132
140861
42559
99903
17984
116289
83528
157258
58958
9806
34383
108111
132687
75354
149084
1628
50783
26208
99937
124513
91749
67180
140910
42607
18033
116338
83576
157307
59006
9855
34431
132736
108161
75402
149133
1677
99981
50831
26256
124562
91797
91802
67228
42655
140959
18082
91810
116387
83624
157356
91821
59054
34479
9904
132785
108211
75450
91835
149182
1726
50879
100031
26304
124611
91851
67276
42703
141008
18131
116436
83672
157405
59102
34527
91871
9953
132834
108260
75498
149231
50927
1775
26352
100081
124660
91895
67324
42751
141057
18179
116485
83720
157454
59150
34575
10002
91923
132883
108309
75546
50975
149280
1824
26400
100131
124709
67372
42799
141106
18227
91957
116534
83768
59198
157503
34623
10051
132932
108358
75594
51023
26448
149329
1873
100181
124758
67420
42847
92001
18275
141155
116583
83816
83821
59246
34671
157552
10100
83829
132981
108407
75642
51071
26496
83840
149378
1922
100231
124807
67468
83854
42895
18323
92051
141204
116632
59294
83870
34719
157601
10149
133030
108456
75690
51119
26544
83890
149427
1971
100280
124856
67516
42943
18371
92101
141253
116681
83914
59342
34767
157649
10197
133079
108505
75738
51167
26592
149476
2020
83942
100329
124905
67564
42991
18419
141302
92151
116730
59390
34815
157697
10245
83976
133128
75786
108554
51215
26640
149525
2069
100378
124954
67612
43039
18467
141351
92201
116779
59438
34863
157745
84020
10293
133177
75834
108603
51263
75839
26688
149574
2118
75847
100427
125003
67660
43087
75858
18515
141400
92251
116828
59486
34911
75872
157793
10341
84070
133226
108652
51311
26736
75888
149623
2167
67708
100476
125052
43135
18563
75908
141449
92300
116877
59534
34959
157841
10389
84120
133275
75932
108701
51359
26784
149671
2215
67756
100525
125101
43183
18611
75960
141498
92349
59582
116926
35007
157889
10437
84170
133324
108750
51407
26832
149719
2263
75994
67804
100574
125150
43231
18659
141547
59630
92398
35055
116975
157937
10485
84220
133373
51455
108799
26880
76038
149767
2311
67852
43279
100623
125199
67857
18707
67865
141596
59678
35103
92447
117024
157985
67876
10533
84270
133422
51503
26928
108848
67890
149815
2359
76088
43327
100672
125248
67906
18755
141645
59726
35151
92496
158033
117073
10581
67926
51551
84319
133471
26976
108897
149863
2407
76138
67950
43375
100721
125297
18803
141693
59774
35199
158081
92545
117122
10629
67978
51599
27024
84368
133520
108946
149911
2455
76188
43423
100770
125346
18851
68012
141741
59822
35247
158129
92594
117171
10677
51647
27072
84417
133569
108995
149959
2503
76238
43471
18899
100819
125395
68056
141789
59870
35295
158177
59875
92643
117220
10725
59883
51695
27120
84466
133618
109044
59894
150007
2551
43519
76288
18947
59908
100868
125444
68106
141837
35343
158225
59924
92692
10773
117269
51743
27168
84515
133667
109093
150055
2599
59944
43567
76337
18995
100917
125493
68156
141885
35391
59968
158273
10821
92741
117318
51791
27216
133715
84564
109142
150103
2647
59996
43615
76386
19043
100966
125542
141933
68206
35439
158321
10869
92790
117367
60030
51839
27264
133763
84613
150151
2695
109191
43663
19091
76435
101015
125591
141981
35487
68256
158369
10917
92839
117416
60074
51887
27312
133811
51892
84662
150199
2743
109240
51900
43711
19139
76484
51911
101064
125640
142029
35535
158417
68306
51925
10965
92888
117465
60124
27360
133859
51941
150247
2791
84711
109289
43759
19187
76533
51961
101113
125689
142077
35583
158465
68355
11013
92937
117514
60174
27408
51985
133907
150295
2839
84760
109338
43807
19235
76582
125737
101162
52013
142125
35631
158513
68404
11061
92986
117563
60224
27456
133955
150343
2887
84809
109387
52047
43855
19283
76631
125785
101211
142173
35679
158561
68453
11109
93035
117612
27504
60274
134003
150391
2935
84858
52091
109436
43903
19331
43908
76680
125833
43916
101260
142221
35727
158609
11157
68502
43927
93084
117661
27552
134051
60324
43941
150439
2983
84907
52141
109485
19379
43957
76729
125881
101309
142269
35775
158657
11205
68551
43977
93133
117710
27600
134099
60373
150487
3031
84956
109534
52191
44001
19427
125929
76778
142317
101358
35823
158705
11253
68600
44029
93182
117759
27648
134147
60422
150535
3079
85005
109583
52241
19475
125977
76827
142365
44063
35871
101407
158753
11301
68649
93231
117807
27696
134195
150583
60471
3127
85054
109632
52291
19523
126025
44107
76876
142413
35919
101456
158801
35924
11349
68698
35932
117855
27744
93280
134243
150631
3175
35943
60520
85103
109681
19571
52341
35957
126073
44157
76925
142461
158849
101505
11397
35973
68747
117903
27792
93329
134291
150679
3223
60569
35993
85152
109730
19619
52390
126121
142509
76974
44207
158897
36017
101554
11445
68796
117951
27840
93378
134339
150727
3271
60618
36045
85201
19667
109779
52439
126169
142557
77023
158945
44257
101603
11493
68845
36079
117999
27888
93427
134387
150775
3319
60667
85250
19715
109827
52488
126217
142605
77072
158993
44307
101652
11541
36123
68894
118047
27936
134435
27940
93476
150823
3367
60716
27948
19763
85299
109875
27959
52537
126265
142653
159041
77121
44357
11589
27973
101701
36173
68943
118095
134483
27989
93525
150871
3415
60765
19811
109923
85348
28009
126313
52586
142701
159089
77170
11637
44406
101750
36223
118143
68992
28033
134531
93574
150919
3463
60814
19859
109971
85397
126361
52635
28061
142749
159137
77219
11685
44455
101799
118191
69041
36273
134579
150967
3511
93623
60863
28095
19907
110019
85446
126409
52684
142797
159185
77268
11733
101847
44504
118239
69090
36323
134627
151015
3559
93672
28139
60912
19955
110067
19959
85495
126457
52733
142845
19967
159233
11781
77317
101895
44553
19978
118287
69139
134675
36373
151063
3607
19991
93721
28189
60961
110115
20007
85544
126505
142893
52782
159281
11829
77366
101943
44602
20027
118335
134723
69188
36422
151111
3655
93770
28239
61010
20051
110163
85593
126553
142941
52831
159329
11877
77415
101991
44651
20079
118383
134771
69237
151159
3703
36471
93819
28289
61059
110211
126601
85642
142989
52880
159377
20113
11925
102039
77464
44700
118431
134819
69286
151207
3751
36520
93867
28339
110259
61108
126649
85691
20157
143037
159425
52929
11973
102087
11977
77513
44749
118479
11985
134867
151255
69335
3799
36569
93915
11996
110307
61157
28389
12009
126697
85740
143085
20207
159473
52978
102135
12025
77562
44798
118527
134915
151303
3847
69384
36618
93963
12045
110355
61206
28438
126745
85789
143133
159521
20257
53027
12069
102183
77611
44847
118575
134963
151351
3895
69433
36667
94011
12097
110403
61255
28487
126793
143181
85838
159569
20307
53076
102231
77660
118623
44896
12131
135011
151399
3943
69482
94059
36716
110451
61304
28536
126841
143229
85887
53125
20357
102279
77709
12175
118671
44945
135059
151447
3991
69531
3995
94107
36765
4003
110499
61353
28585
126889
143277
4014
85935
53174
20407
102327
4027
77758
118719
12225
44994
135107
151495
4043
94155
69580
36814
110547
126937
61402
28634
143325
4063
85983
53223
102375
20456
77807
118767
45043
12275
135155
151543
4087
94203
69629
36863
110595
126985
61451
28683
143373
86031
4115
102423
53272
20505
118815
77856
135203
45092
12325
151591
94251
69678
36912
110643
4149
127033
61500
28732
143421
86079
102471
53321
20554
118863
77905
135251
45141
151639
12375
94299
151644
69727
4193
36961
110691
151652
127081
61549
28781
143469
151663
86127
102519
53370
20603
151677
118911
77953
135299
45190
12425
94347
151693
69776
37010
4243
110739
127129
143517
61598
28830
86175
151713
102567
53419
20652
118959
78001
135347
45239
151737
12474
94395
69825
37059
110787
4293
127177
143565
61647
28879
86223
151765
102615
53468
20701
119007
78049
135395
45288
12523
94443
69874
110835
37108
151799
4343
127225
143613
86271
61696
28928
102663
53517
20750
119055
78097
135443
45337
94491
12572
151843
69923
110883
37157
4393
127273
143661
86319
61745
28977
143666
102711
143674
53566
20799
119103
78145
135491
143685
45386
94539
12621
69971
110931
143699
151893
37206
127321
4443
86367
61794
29026
143715
102759
53615
119151
20848
78193
135539
143735
45435
94587
12670
70019
110979
151943
37255
127369
4492
86415
143759
61843
29075
102807
119199
53664
20897
78241
135587
94635
143787
45484
12719
70067
111027
37304
151993
127417
4541
86463
61892
29124
102855
143821
119247
53713
78289
20946
135635
94683
45533
12768
70115
111075
37353
127465
152043
4590
86511
61941
29173
102903
143865
119295
78337
53762
20995
135683
135688
94731
45582
135696
12817
70163
111123
127513
37402
135707
152093
4639
86559
61989
29222
102951
135721
143915
119343
78385
53811
21044
135737
94779
45631
12866
70211
111171
127561
37451
135757
152142
86607
4688
62037
29271
102999
143965
119391
78433
53860
21093
135781
94827
45680
70259
12915
111219
127609
37500
152191
86655
4737
135809
62085
103047
29320
119439
144015
78481
53909
21142
94875
45729
70307
111267
135843
12964
127657
37549
86703
152240
4786
62133
103095
29369
119487
78529
144065
53958
21191
94923
135887
45778
70355
111315
13013
127705
37598
127710
86751
152289
4835
62181
127718
103143
29418
119535
78577
127729
144115
54007
21240
94971
127743
135937
70403
45827
111363
13062
37647
86799
127759
152338
4884
62229
103191
29467
119583
78625
127779
144164
54055
21289
95019
70451
111411
135987
45876
13111
127803
86847
37696
152387
62277
4933
103239
29516
119631
78673
144213
54103
127831
21338
95067
70499
111459
45925
136037
13160
86895
37745
152436
62325
4982
103287
127865
29565
119679
78721
144262
54151
21387
95115
70547
111507
45974
136087
13209
86943
37794
152485
62373
127909
5031
103335
29614
119727
78769
119732
54199
144311
95163
21436
119740
70595
111555
46023
119751
136137
13258
86991
37843
62421
119765
152534
103383
127959
5080
29663
78817
119781
54247
144360
95211
21485
70643
111603
46071
119801
136186
13307
87039
37892
62469
152583
103431
5129
128009
29712
78865
119825
54295
144409
95259
21534
70691
111651
46119
136235
13356
119853
87087
62517
37941
103479
152632
5178
128059
29761
78913
54343
144458
95307
21583
119887
70739
111699
46167
136284
13405
87135
62565
37990
103527
152681
5227
128109
78961
29810
54391
95355
119931
144507
21632
70787
111747
46215
111752
136333
13454
87183
111760
62613
38039
103575
152730
111771
5276
128159
79009
29859
54439
111785
95403
144556
119981
21681
70835
46263
111801
136382
13503
87231
62661
38087
103623
152779
5325
111821
128208
79057
29908
54487
95451
144605
120031
21730
70883
111845
46311
87279
136431
13552
62709
38135
103671
152828
5374
79105
111873
128257
29957
54535
95499
144654
120081
70931
21779
46359
87327
136480
13601
111907
62757
38183
103719
152877
5423
79153
128306
30006
54583
95547
144703
70979
120131
21828
46407
87375
111951
136529
13650
62805
38231
103767
103772
152926
5472
79201
128355
103780
54631
30055
95595
103791
144752
71027
21877
120181
46455
103805
87423
112001
136578
13699
62853
38279
103821
152975
5521
79249
128404
54679
30103
95643
103841
144801
71075
21926
120230
46503
87471
112051
136627
13748
62901
38327
103865
153024
79297
5570
128453
54727
30151
95691
144850
71123
103893
46551
21975
120279
87519
136676
62949
13797
112101
38375
153073
79345
5619
128502
54775
30199
103927
95739
71171
144899
46599
22024
120328
87567
62997
136725
13846
38423
112151
79393
153122
103971
5668
54823
30247
128551
95787
95792
71219
144948
46647
95800
22073
120377
87615
95811
63045
136774
38471
13895
112201
79441
95825
153171
5717
104021
54871
30295
128600
95841
71267
144997
46695
22122
120426
87663
63093
95861
38519
136823
13944
112250
79489
153220
5766
54919
30343
104071
128649
95885
71315
145046
46743
22170
120475
87711
63141
38567
136872
13993
95913
112299
79537
153269
54967
5815
30391
104121
128698
71363
46791
145095
22218
95947
120524
87759
63189
38615
136921
14042
112348
79585
153318
55015
30439
5864
104171
128747
71411
46839
95991
145144
22266
120573
87807
87812
63237
38663
136970
14091
87820
112397
79633
153367
55063
30487
87831
5913
128796
104221
71459
87845
46887
96041
145193
22314
120622
63285
87861
38711
137019
14140
112446
79681
55111
30535
153416
87881
5962
128845
104270
71507
46935
22362
145242
96091
120671
87905
63333
38759
14188
137068
112495
79729
55159
30583
153465
6011
87933
128894
104319
71555
46983
22410
145291
96141
120720
63381
38807
14236
137117
87967
112544
79777
55207
30631
153514
6060
128943
104368
71603
47031
22458
145340
96191
120769
63429
38855
88011
14284
137166
79825
112593
79830
55255
30679
153563
6109
79838
128992
104417
71651
47079
79849
22506
145389
96241
120818
63477
38903
79863
14332
88061
137215
112642
55303
30727
79879
153612
6158
129041
104466
71699
47127
22554
79899
145438
96290
120867
63525
38951
14380
88111
137264
79923
112691
55351
30775
153660
6206
129090
71747
104515
47175
22602
79951
145487
96339
120916
63573
38999
14428
88161
137313
112740
55399
30823
153708
6254
79985
71795
129139
104564
47223
22650
145536
96388
63621
120965
39047
14476
137362
88211
112789
55447
30871
153756
80029
6302
71843
129188
104613
47271
71848
22698
71856
145585
63669
96437
121014
39095
71867
14524
137411
88261
112838
55495
30919
71881
153804
6350
80079
129237
104662
47319
71897
22746
145634
63717
96486
39143
121063
14572
71917
137460
88310
55543
30967
112887
153852
6398
80129
71941
129286
47367
104711
22794
145682
63765
39191
96535
121112
14620
71969
137509
55591
31015
88359
112936
153900
6446
80179
47415
129335
104760
22842
145730
72003
63813
39239
96584
121161
14668
137558
55639
31063
88408
112985
153948
6494
80229
47463
129384
104809
22890
72047
145778
63861
39287
96633
63866
121210
14716
63874
55687
31111
137607
88457
113034
153996
63885
6542
47511
80279
129433
22938
104858
63899
72097
145826
39335
96682
63915
121259
14764
55735
31159
137656
88506
113083
154044
6590
63935
47559
80328
22986
129482
104907
145874
72147
63959
39383
96731
14812
121308
55783
31207
137704
88555
154092
113132
6638
63987
47607
80377
23034
129531
104956
145922
72197
39431
14860
96780
121357
64021
55831
31255
137752
154140
88604
113181
6686
47655
23082
80426
129580
105005
145970
72247
39479
14908
96829
121406
64065
55879
31303
137800
154188
55884
88653
6734
113230
55892
47703
23130
80475
129629
105054
55903
146018
39527
72297
14956
55917
96878
121455
64115
31351
137848
154236
55933
6782
88702
113279
47751
23178
80524
129678
105103
55953
146066
39575
72346
15004
96927
121504
64165
31399
137896
55977
154284
6830
88751
113328
47799
23226
80573
129726
105152
146114
56005
39623
72395
15052
96976
121553
64215
31447
137944
154332
6878
88800
113377
56039
47847
23274
80622
129774
105201
146162
39671
72444
15100
97025
121602
31495
137992
64265
154380
6926
88849
113426
56083
47895
23322
47900
129822
80671
105250
146210
47908
39719
15148
72493
47919
97074
121651
31543
138040
64315
154428
47933
6974
88898
113475
56133
23370
47949
129870
80720
146258
105299
39767
15196
72542
47969
97123
121700
31591
138088
154476
64364
7022
88947
113524
56183
47993
23418
129918
80769
146306
105348
39815
15244
72591
97172
121748
48021
31639
138136
154524
64413
7070
88996
113573
56233
23466
129966
80818
146354
105397
48055
39863
15292
72640
121796
97221
31687
138184
154572
64462
7118
89045
113622
23514
56283
130014
146402
48099
80867
105446
39911
39916
15340
72689
39924
121844
97270
31735
138232
154620
7166
64511
39935
89094
113671
23562
56333
39949
130062
146450
80916
48149
105495
15388
39965
72738
121892
31783
97319
138280
154668
7214
64560
39985
89143
113720
23610
56382
130110
146498
80965
48199
105544
40009
15436
72787
121940
31831
97368
138328
154716
7262
64609
40037
89192
113769
23658
130158
56431
146546
81014
48249
105593
15484
72836
121988
40071
31879
138376
97417
154764
7310
64658
89241
113817
23706
130206
56480
146594
81063
105642
48299
15532
40115
122036
72885
31927
138424
97466
154812
31932
7358
64707
31940
113865
23754
89290
130254
31951
56529
146642
81112
105691
15580
48349
31965
122084
40165
72934
138472
97515
154860
31981
7406
64756
113913
23802
89339
130302
32001
56578
146690
81161
15628
105740
48398
122132
72983
40215
138520
32025
154908
97564
7454
64805
113961
23850
89388
130350
146738
56627
32053
81210
15676
105789
48447
122180
73032
138568
40265
154956
97613
7502
64854
32087
114009
23898
89437
130398
146786
56676
81259
15724
105837
48496
122228
138616
73081
40315
155004
7550
97662
32131
64903
114057
23946
23950
89486
130446
146834
56725
23958
15772
81308
105885
48545
23969
122276
138664
73130
155052
40365
7598
23982
97711
32181
64952
114105
23998
130494
89535
146882
56774
15820
81357
105933
48594
24018
122324
138712
73179
155100
40414
7646
97760
32231
65001
114153
24042
130542
89584
146930
56823
15868
105981
81406
48643
122372
24070
138760
155148
73228
7694
40463
97809
32281
114201
65050
130590
89633
146978
56872
24104
15916
106029
81455
48692
122420
138808
155196
73277
7742
40512
97857
114249
65099
32331
130638
89682
147026
24148
56921
15964
106077
15968
81504
122468
48741
15976
138856
155244
73326
7790
40561
97905
15987
114297
65148
32381
130686
16000
147074
89731
24198
56970
106125
16016
81553
122516
48790
138904
155292
7838
73375
97953
40610
16036
114345
65197
32430
130734
147122
89780
24248
57019
16060
106173
81602
122564
48839
138952
155340
7886
73424
98001
40659
16088
114393
65246
130782
32479
147170
89829
24298
57068
106221
81651
122612
48888
139000
16122
155388
7934
73473
98049
40708
114441
130830
65295
32528
147218
89877
24348
57117
106269
81700
122660
16166
139048
48937
155436
7982
98097
73522
7986
40757
114489
7994
130878
65344
32577
147266
8005
89925
106317
57166
24398
8018
122708
81749
16216
139096
48986
155484
98145
8034
73571
40806
114537
130926
65393
32626
147314
89973
8054
106365
57215
24447
122756
81798
139144
16266
49035
155532
8078
98193
73620
40855
114585
130974
65442
147362
32675
90021
8106
106413
57264
24496
122804
81847
139192
155580
49084
16316
98241
73669
40904
114633
8140
131022
147410
65491
32724
90069
106461
57313
24545
122852
81896
139240
155628
49133
16366
155633
98289
73718
8184
155641
40953
114681
131070
)


// ************************************************************************* //
