/*--------------------------------*- C++ -*----------------------------------*\
| =========                 |                                                 |
| \\      /  F ield         | OpenFOAM: The Open Source CFD Toolbox           |
|  \\    /   O peration     | Version:  2412                                  |
|   \\  /    A nd           | Website:  www.openfoam.com                      |
|    \\/     M anipulation  |                                                 |
\*---------------------------------------------------------------------------*/
FoamFile
{
    version     2.0;
    format      binary;
    arch        "LSB;label=32;scalar=64";
    class       cellSet;
    location    "constant/polyMesh/sets";
    object      inletCellSet;
}
// * * * * * * * * * * * * * * * * * * * * * * * * * * * * * * * * * * * * * //


2880
(
122880
0
73730
12294
106503
61447
147464
126986
90122
24587
49163
36877
151568
77841
110610
131092
4116
65559
155672
94233
16409
53275
114717
28701
135198
40990
159776
81952
98340
8231
69671
139304
118824
57387
20524
102447
45103
32815
86063
143410
122931
52
73782
106554
12346
147515
61499
127037
90174
24639
49215
36929
151619
110661
77893
131143
4168
155723
65611
94284
16461
53327
114768
135249
28753
41042
159827
82004
98391
139355
118875
8283
69723
57439
20576
102498
45155
32867
86115
143461
122982
104
73834
106605
147566
12398
61551
127088
90226
24691
49267
36981
151670
110712
77945
131194
4220
155774
94335
65663
16513
114819
53379
135300
28805
159878
41094
82056
98442
139406
118926
8335
69775
57491
20628
102549
45207
32919
86167
143512
123033
156
73886
106656
147617
12450
127139
61603
90277
24743
49319
151721
37033
110763
131245
77997
4272
155825
94386
65715
16565
114870
135351
53431
159929
28857
41146
82108
98493
139457
118977
8387
69827
57543
102600
20680
143563
45259
32971
86219
123084
208
73938
106707
147668
127190
12502
61655
90328
24795
49371
151772
37085
110814
131296
78049
155876
4324
94437
65767
114921
16617
135402
53483
28909
41198
98544
82160
139508
119028
8439
69879
102651
57595
20732
143614
86270
123135
45311
33023
260
106758
73990
147719
127241
12554
61707
90379
151823
24847
49423
110865
37137
131347
78101
155927
94488
4376
65819
114972
135453
16669
53535
28961
41250
98595
82212
139559
119079
8491
69931
102702
57647
20784
143665
86321
123186
45363
33075
312
106809
147770
74042
127292
12606
90430
61759
151874
24899
49475
110916
37189
131398
78153
94539
4428
115023
65871
135504
16721
53587
29013
98646
41302
82263
139610
119130
8543
69983
102753
57699
143716
20836
86372
123237
45415
33127
106860
364
147821
74094
127343
90481
12658
61811
151925
110967
24951
49527
131449
37241
78205
94590
4480
115074
135555
65923
16773
53639
98697
29065
41354
82314
139661
119181
8595
70035
102804
143767
57751
86423
123288
20888
45467
33179
106911
147872
416
127394
74146
90532
12710
61863
111018
25003
49579
131500
37293
78256
94641
4532
115125
135606
65975
16825
53691
98748
29117
82365
41406
139712
119232
102855
8647
70087
143818
86474
123339
57803
20940
45519
33231
106962
147923
468
127445
74198
90583
12762
61915
111069
131551
25055
49631
37345
78307
94692
115176
4584
135657
66027
16877
98799
53743
82416
29169
41458
139763
119283
102906
8699
70139
143869
86525
123390
57855
20992
33283
45571
107013
127496
520
74249
90634
12814
61967
111120
131602
25107
49683
37397
78358
94743
115227
135708
4636
66079
16929
98850
53795
82467
29221
139814
119334
41510
102957
8751
70191
143920
86576
123441
57907
21044
33335
45623
107064
127547
572
74300
90685
12866
111171
62019
131653
25159
49735
37449
78409
94794
115278
135759
4688
66131
98901
16981
82518
53847
139865
119385
29273
41562
103008
70242
8803
86627
123492
57959
21096
107115
33387
45675
127598
74351
156272
624
90736
111222
12918
62071
131704
25211
49787
78460
94845
37501
115329
135810
4740
66183
98952
17033
82569
53899
139916
119436
29325
41614
103059
70293
86678
123543
8855
58011
21148
107166
33439
45727
127649
74402
90787
156324
676
111273
12970
131755
62123
25263
49839
78511
94896
37553
115380
135861
4792
99003
66235
82620
17085
119487
53951
29377
41666
103110
70344
86729
123594
8907
152270
58063
21200
107217
33491
45779
127700
74453
90838
156376
728
111324
131806
13022
62175
78562
94947
25315
49891
37605
115431
135912
4844
99054
66286
82671
17137
119538
54003
29429
41718
103161
70395
86780
123645
8959
152322
58115
107268
21252
127751
33543
45831
74504
90889
156428
780
111375
131857
13074
62227
78613
94998
25367
49943
37657
115482
4896
99105
66337
82722
119589
17189
54055
29481
41770
148268
103212
70446
86831
123696
9011
152374
107319
58167
21304
127802
33595
45883
74555
90940
156480
832
111426
131908
13126
62278
78664
95049
25419
49995
115533
37709
99156
4948
66388
82773
119640
17241
54107
29533
41822
103263
148320
70497
86882
123747
9063
152426
107370
58219
21356
127853
74606
33647
45935
90991
156532
884
111477
62329
13178
78715
95100
25471
50047
115584
37761
99207
66439
5000
82824
144265
119691
17293
54159
29585
103314
41874
148372
70548
86933
123798
9115
107421
152478
58270
127904
21408
74657
91042
33699
45987
156584
111528
936
62380
13230
78766
95151
115635
25523
50099
37813
99258
66490
82875
5052
144317
119742
17345
54211
103365
29637
41926
70599
148424
86984
123849
9167
107472
58321
152530
21460
74708
91093
33751
46039
111579
156636
988
62431
78817
95202
13282
140262
115686
25575
50151
37865
99309
66541
82926
5104
144369
119793
17397
54262
103416
29689
41978
70650
87035
148476
123900
107523
9219
58372
152582
74759
91144
21512
33803
46091
111630
156688
1040
62482
78868
95253
13334
115737
140314
25627
50203
37917
99360
66592
82977
119844
5156
144421
17449
54313
103467
29741
70701
42030
87086
148528
107574
9271
58423
152634
74810
91195
21564
33855
46143
111681
136258
156740
1092
62533
78919
95304
13386
115788
140366
50254
25679
37969
99411
66643
83028
119895
5208
144473
54364
17501
103518
70752
29793
87137
42082
148580
107625
58474
9323
74861
152686
91246
21616
33907
46195
111732
136310
156792
1144
62584
78970
95355
13438
115839
50305
140418
25731
38021
99462
66694
83079
5260
144525
54415
103569
17553
70803
87188
29845
42134
148632
107676
58525
132254
9375
74912
91297
152738
21668
46246
111783
33959
136362
62635
156844
1196
79021
95406
115890
13490
50356
140470
25783
99513
38073
66745
83130
5312
144577
54466
103620
17605
70854
87239
29897
42186
148684
107727
58576
132306
9427
74963
91348
152790
21720
46297
111834
34011
136414
62686
156896
1248
79072
95457
13542
50407
140522
25835
99564
66796
38125
83181
5364
144629
54517
103671
17657
70905
128250
87290
42237
29949
148736
107778
58627
132358
75014
91399
9479
152842
21772
46348
111885
34063
62737
136466
79123
156948
95508
1300
13594
50458
140574
99615
25887
66847
83232
38177
5416
54568
144681
103722
70956
17709
87341
128302
42288
30001
148788
107829
58678
75065
132410
91450
9531
152894
46399
21824
34115
62788
136518
79174
95559
157000
1352
50509
13646
140626
99666
66898
25939
83283
38228
124246
54619
5468
144733
103773
71007
87392
17761
128354
42339
30053
148840
107880
58729
75116
91501
132462
9583
152946
46450
21876
34167
62839
79225
136570
95610
157052
1404
50560
13698
99717
66949
140678
83334
38279
25991
124298
54670
103824
5520
144785
71058
87443
17813
128406
42390
30105
148892
58780
75167
91552
132514
9635
46501
152998
21928
62890
34219
79276
95661
136622
157104
1456
120241
50611
13750
99768
67000
83385
140730
38330
26043
124350
54721
103875
5572
144837
71109
87494
42441
17865
128458
30157
58831
148944
75218
91603
132566
9687
46552
153050
21980
62941
34270
79327
95712
136674
157156
1508
120293
50662
13802
99819
67051
83436
38381
140782
26095
124402
54772
5624
71160
144889
87545
42492
17917
128510
30209
58882
148996
75269
91654
132618
9739
46603
116236
153102
22032
62992
34321
79378
95763
136726
157208
1560
120345
50713
99870
13854
67102
83487
38432
140834
26147
124454
54823
71211
5676
87596
144941
42543
17969
128562
30260
58933
149048
75320
91705
132670
46654
9791
116288
153154
63043
34372
22084
79429
95814
136778
157260
1612
50764
120397
67153
13906
83538
38483
140886
26199
124506
54874
71262
87647
5728
144993
42594
18021
128614
112231
30311
58984
75371
149100
91756
46705
132722
9843
116340
153206
63094
34423
22136
79480
95865
136830
50815
157312
1664
120449
67204
83589
38534
13958
140938
26250
54925
124558
71313
87698
5780
145045
42645
18073
128666
30362
112283
59035
75422
91807
149152
46756
132774
9895
116392
63145
153258
34474
79531
22188
136882
50866
157364
1716
120501
67255
83640
38585
14010
26301
140990
54976
124610
108226
71364
87749
42696
5832
145097
30413
18125
128718
59086
112335
75473
91858
149204
46807
132826
9947
116444
63196
34525
153310
79582
22239
50917
136934
157416
1768
120553
67306
83691
38636
14062
26352
141042
55027
124662
108278
71415
87800
42747
5884
145149
30464
18177
59137
128770
112387
75524
149256
46858
132878
9999
63247
116496
34576
79633
153362
22290
50968
136986
157468
1820
120605
104221
67357
83742
38687
14114
26403
141094
55078
124714
108330
71466
87851
42798
5936
145201
30515
18228
59188
128822
112439
75575
149308
46909
132930
63298
34627
10051
116548
79684
22341
153414
51019
137038
157520
1872
67408
120657
104273
83793
38738
26454
14166
55129
141146
71517
124766
108382
42849
5988
145253
30566
18279
59239
128874
75626
112491
149360
46960
63349
132982
34678
10103
79735
116600
100216
22392
153466
51070
137090
67459
157572
1924
83844
120709
104325
38789
26505
14217
55180
141198
71568
124818
108434
42900
6040
145305
30617
18330
59290
75677
128926
112543
47011
149412
63400
34729
133034
79786
22443
10155
116652
100268
153518
51121
137142
67510
157624
38840
1976
120761
104377
26556
14268
55231
141250
71619
124870
108486
42951
30668
6092
145357
18381
59341
75728
128978
112595
96211
47062
149464
63451
34780
79837
133086
22494
10206
116704
100320
153570
51172
67561
137194
38891
157676
2028
120813
104429
26607
14319
55282
141302
71670
124922
108538
43002
30719
18432
6144
59392
145409
75779
129030
112647
96263
47113
149516
63502
34831
22545
10257
133138
116756
100372
153622
51223
67612
137246
38942
157728
2080
120865
104481
26658
14370
55333
71721
141354
92205
43053
124974
108590
30770
18483
6195
59443
145461
75830
129082
112699
96315
47164
149568
63553
34882
22596
10308
133190
116808
100424
153674
51274
67663
38993
137298
157780
2132
120917
104533
26709
14421
55384
71772
141406
43104
92257
125026
108642
30821
18534
6246
59494
145513
129134
112751
96367
47215
149620
63604
34933
22647
10359
133242
116860
100476
51325
153726
67714
39044
137350
88198
157832
26760
14472
2184
120969
104585
55435
71823
141458
43155
92309
125078
108694
30872
18585
6297
59545
145565
129186
47266
112803
96419
63655
149672
34984
22698
10410
133294
116912
100528
51376
153778
67765
39095
137402
88250
26811
14523
2235
157884
121021
104637
55486
141510
43206
92361
125130
108746
30923
18636
6348
59596
145617
47317
129238
112855
96471
63706
35035
149724
22749
10461
84191
133346
51427
116964
100580
153830
67816
39146
137454
26862
14574
2286
88302
157936
121073
104689
55537
43257
141562
92413
125182
108798
30974
18687
6399
59647
145669
47368
129290
112907
96523
63757
35086
149776
22800
10512
84243
133398
51478
117016
100632
153882
39197
26913
14625
2337
137506
88354
157988
55588
121125
104741
43308
141614
92465
31025
125234
108850
18738
6450
59698
80184
145721
47419
129342
112959
96575
63808
35137
22851
10563
149828
84295
51529
133450
117068
100684
153934
39248
26964
14676
2388
137558
88406
55639
158040
121177
104793
43359
141666
31076
92517
18789
6501
59749
125286
108902
80236
145773
47470
129394
113011
96627
35188
22902
10614
149880
84347
51580
133502
117120
100736
153986
39299
27015
14727
2439
137610
55690
88458
158092
121229
104845
76177
43410
141718
31127
18840
6552
59800
92569
125338
108954
80288
145825
47521
129446
113063
96679
35239
22953
10665
149932
51631
84399
133554
117172
100788
154038
39350
27066
14778
2490
55741
137662
88510
158144
121281
104897
43461
76229
141770
31178
18891
6603
92621
125390
109006
47572
80340
145877
129498
35290
113115
96731
23004
10716
149984
51682
84451
133606
117224
100840
39401
154090
72170
27117
14829
2541
55792
137714
88562
158195
121333
104949
43512
76281
31229
141822
18942
6654
92673
125442
109058
47623
80392
145929
35341
129550
113167
96783
23055
10767
150036
51733
84503
133658
117276
100892
39452
154142
72222
27168
14880
2592
158246
137766
88614
121385
105001
43563
76333
31280
18993
6705
141874
92725
125494
109110
47674
80444
145981
35392
129602
23106
10818
113219
96835
68163
150088
51784
84555
133710
39503
117328
100944
154193
72274
27219
14931
2643
158297
137818
88666
121437
105053
43614
76385
31331
19044
6756
141926
92777
125546
109162
47725
80496
146033
35443
23157
10869
129654
113271
96887
68215
150140
84607
133762
39554
154244
117380
100996
27270
14982
2694
72326
158348
137870
88718
121489
105105
43665
76437
31382
19095
6807
141978
64155
92829
125598
109214
47776
80548
146085
35494
23208
10920
129706
113323
96939
68267
150191
84659
39605
133814
154295
117432
101048
27321
15033
2745
72378
158399
137922
88770
43716
121541
105157
31433
76489
19146
6858
142030
64207
92881
125650
109266
80600
146137
35545
23259
10971
129758
113375
96991
68319
150242
84711
39656
154346
133866
117484
101100
27372
15084
2796
72430
158450
60147
137974
88822
43767
121593
105209
31484
19197
6909
76541
142082
64259
92933
125702
109318
35596
80652
146189
23310
11022
129810
113427
97043
68371
150293
39707
84763
154397
133918
27423
15135
2847
117536
101152
72482
158501
60199
138026
88874
121645
105261
31535
19248
6960
76593
142134
64311
92985
125754
109370
35647
146240
80704
23361
11073
129862
113479
97095
68423
150344
56139
39758
84815
154448
133970
27474
15186
2898
117588
101204
72534
158552
60251
138078
88926
121697
105313
31586
19299
7011
76645
142186
64363
93037
125806
109422
35698
146291
23412
11124
80756
129914
150395
113531
97147
68475
56191
154499
84867
27525
15237
2949
134022
117640
101256
72586
158603
60303
138130
88978
121749
105365
31637
19350
7062
76697
142237
64415
93089
125858
109474
52131
35749
146342
23463
11175
80808
150446
129966
113583
97199
68527
56243
154550
84919
27576
15288
3000
134074
117692
101308
158654
72638
60355
138182
89030
31688
121801
105417
19401
7113
76749
142288
64467
93141
125910
109526
52183
146393
23514
11226
80860
150497
130018
113635
97251
68579
56295
154601
27627
15339
3051
84971
134126
117744
101360
158705
72690
60407
138233
89082
31739
48123
19452
7164
121853
105469
76801
142339
64519
93193
125962
109578
52235
146444
23565
11277
80912
150548
130070
113687
97303
68631
56347
154652
27678
15390
3102
85023
134178
158756
117796
101412
72742
60459
138284
89134
19503
7215
48175
121905
105521
76853
142390
64571
93245
126014
109630
146495
52287
23616
11328
80964
150599
130122
113739
97355
68683
154703
56399
27729
15441
3153
44115
85075
134229
158807
117848
101464
72794
138335
60511
19554
7266
89186
48227
121957
105573
142441
76905
64623
93297
146546
126066
109682
23667
11379
52339
81016
150650
130174
113791
97407
68735
154754
56451
15492
3204
44167
85127
134280
158858
117900
101516
72846
138386
60563
19605
7317
89238
48279
122009
105625
142492
76957
64675
146597
93349
126118
109734
23718
11430
52391
40106
81068
150701
130225
113843
97459
68787
154805
15543
3255
56503
134331
44219
85179
158909
117952
101568
72898
138437
60615
19656
7368
89290
48331
122061
105677
142543
77009
64727
146648
93401
11481
126170
109786
52443
40158
150752
81120
130276
113895
97511
68839
154856
15594
3306
56555
134382
44271
85231
158960
118004
101620
72950
138488
19707
7419
60667
89342
48383
122113
105729
36097
142594
77061
146699
64779
11532
126221
93453
109838
52495
40210
150803
81172
130327
154907
113947
97563
68891
15645
3357
56607
134433
159011
44323
85283
118056
101672
73002
138539
7470
60719
89394
48435
142645
122165
105781
36149
77113
146750
11583
64831
126272
93505
109890
52547
150854
40262
81224
130378
154958
113999
97615
68943
15696
3408
56659
134484
159062
44375
32087
85335
118108
101724
138590
73054
7521
60771
89446
48487
142696
122217
105833
36201
77165
146801
11634
126323
64883
93557
109942
52599
150905
40314
81276
130429
155009
114051
97667
3459
68995
134535
56711
159113
44427
32139
85387
118160
101776
138641
73106
7572
60823
89498
142747
48539
122268
105885
36253
77217
146852
11685
126374
64935
93609
109994
52651
150956
28077
40366
130480
81328
155060
3510
114103
97719
69047
134586
56763
159164
44479
32191
85439
138692
118212
101828
73158
7623
60875
142798
89550
122319
48591
105937
36305
77269
146903
126425
64987
93661
110046
151007
52703
28129
40418
130531
81380
155111
3561
114155
97771
69099
134637
159215
56815
44531
32243
85491
138743
118263
101880
7674
73210
60927
142849
122370
89602
24067
48643
105989
36357
77321
146954
126476
65039
93713
151058
110098
52755
28181
130582
40470
81432
155162
3612
114207
97823
69151
134688
159266
56867
44583
32295
85543
138794
118314
101932
73262
60979
142900
122421
89654
24119
48695
106041
36409
147005
77373
126527
65091
151109
93765
110150
52807
130633
28233
40522
81484
155213
3663
114258
134739
97875
69203
159317
56919
20056
44635
32347
85595
138845
118365
101984
73314
142951
61031
122472
89706
24171
48747
106093
36461
147056
77425
126578
65143
151160
93817
110202
52859
130684
28285
40574
155264
81536
114309
134790
97927
69255
159368
56971
20108
44687
32399
85647
138896
118416
102036
73366
143002
122523
61083
89758
24223
48799
106145
36513
147107
126629
77477
151211
65195
110253
93869
16045
130735
52911
28337
40626
155315
81588
114360
134841
159419
97979
69307
57023
20160
138947
118467
44739
32451
85699
102088
73418
143053
122574
61135
89810
24275
48851
106197
36565
147158
126680
77529
151262
65247
110304
93921
16097
130786
52963
28389
155366
40678
81640
114411
134892
159470
98031
69359
57075
20212
138998
118518
44791
32503
85751
102140
73470
143104
122625
12034
61187
89862
24327
48903
106248
147209
36617
126731
77581
151313
110355
65299
130837
93973
16149
53015
155417
28441
40730
81692
114462
134943
159521
98083
69411
57127
20264
139049
118569
44843
32555
85803
102192
73522
143155
122676
12086
61239
89914
106299
24379
48955
147260
36669
126782
77633
151364
110406
65351
130888
94025
16201
53067
155468
28493
40782
81744
114513
134994
159572
98135
8023
69463
57179
139100
118620
20316
44895
32607
85855
102243
143206
73574
122727
12138
61291
106350
89966
147311
24431
49007
126833
36721
77685
151415
110457
130939
65403
94077
16253
155519
53119
28545
40834
114564
81796
135045
159623
98187
8075
69515
139151
118671
57231
20368
44947
32659
85907
102294
143257
122778
73626
12190
61343
106401
147362
90018
24483
49059
126884
36773
77737
151466
110508
4012
130990
65455
94129
16305
155570
53171
28597
40886
114615
135096
81848
159674
98238
8127
69567
139202
118722
57283
20420
44999
32711
85959
102345
143308
122829
73678
12242
61395
106452
147413
90070
126935
24535
49111
36825
151517
77789
110559
4064
131041
65507
155621
94181
16357
53223
28649
114666
40938
135147
81900
159725
98289
8179
69619
139253
118773
57335
20472
45051
32763
86011
102396
143359
)


// ************************************************************************* //
