/*--------------------------------*- C++ -*----------------------------------*\
| =========                 |                                                 |
| \\      /  F ield         | OpenFOAM: The Open Source CFD Toolbox           |
|  \\    /   O peration     | Version:  2412                                  |
|   \\  /    A nd           | Website:  www.openfoam.com                      |
|    \\/     M anipulation  |                                                 |
\*---------------------------------------------------------------------------*/
FoamFile
{
    version     2.0;
    format      binary;
    arch        "LSB;label=32;scalar=64";
    class       faceSet;
    location    "constant/polyMesh/sets";
    object      inletFaceSet;
}
// * * * * * * * * * * * * * * * * * * * * * * * * * * * * * * * * * * * * * //


2920
(
475136
475137
475138
475139
475140
475141
475142
475143
475144
475145
475146
475147
475148
475149
475150
475151
475152
475153
475154
475155
475156
475157
475158
475159
475160
475161
475162
475163
475164
475165
475166
475167
475168
475169
475170
475171
475172
475173
475174
475175
475176
475177
475178
475179
475180
475181
475182
475183
475184
475185
475186
475187
475188
475189
475190
475191
475192
475193
475194
475195
475196
475197
475198
475199
475200
475201
475202
475203
475204
475205
475206
475207
475208
475209
475210
475211
475212
475213
475214
475215
475216
475217
475218
475219
475220
475221
475222
475223
475224
475225
475226
475227
475228
475229
475230
475231
475232
475233
475234
475235
475236
475237
475238
475239
475240
475241
475242
475243
475244
475245
475246
475247
475248
475249
475250
475251
475252
475253
475254
475255
475256
475257
475258
475259
475260
475261
475262
475263
475264
475265
475266
475267
475268
475269
475270
475271
475272
475273
475274
475275
475276
475277
475278
475279
475280
475281
475282
475283
475284
475285
475286
475287
475288
475289
475290
475291
475292
475293
475294
475295
475296
475297
475298
475299
475300
475301
475302
475303
475304
475305
475306
475307
475308
475309
475310
475311
475312
475313
475314
475315
475316
475317
475318
475319
475320
475321
475322
475323
475324
475325
475326
475327
475328
475329
475330
475331
475332
475333
475334
475335
475336
475337
475338
475339
475340
475341
475342
475343
475344
475345
475346
475347
475348
475349
475350
475351
475352
475353
475354
475355
475356
475357
475358
475359
475360
475361
475362
475363
475364
475365
475366
475367
475368
475369
475370
475371
475372
475373
475374
475375
475376
475377
475378
475379
475380
475381
475382
475383
475384
475385
475386
475387
475388
475389
475390
475391
475392
475393
475394
475395
475396
475397
475398
475399
475400
475401
475402
475403
475404
475405
475406
475407
475408
475409
475410
475411
475412
475413
475414
475415
475416
475417
475418
475419
475420
475421
475422
475423
475424
475425
475426
475427
475428
475429
475430
475431
475432
475433
475434
475435
475436
475437
475438
475439
475440
475441
475442
475443
475444
475445
475446
475447
475448
475449
475450
475451
475452
475453
475454
475455
475456
475457
475458
475459
475460
475461
475462
475463
475464
475465
475466
475467
475468
475469
475470
475471
475472
475473
475474
475475
475476
475477
475478
475479
475480
475481
475482
475483
475484
475485
475486
475487
475488
475489
475490
475491
475492
475493
475494
475495
475496
475497
475498
475499
475500
475501
475502
475503
475504
475505
475506
475507
475508
475509
475510
475511
475512
475513
475514
475515
475516
475517
475518
475519
475520
475521
475522
475523
475524
475525
475526
475527
475528
475529
475530
475531
475532
475533
475534
475535
475536
475537
475538
475539
475540
475541
475542
475543
475544
475545
475546
475547
475548
475549
475550
475551
475552
475553
475554
475555
475556
475557
475558
475559
475560
475561
475562
475563
475564
475565
475566
475567
475568
475569
475570
475571
475572
475573
475574
475575
475576
475577
475578
475579
475580
475581
475582
475583
475584
475585
475586
475587
475588
475589
475590
475591
475592
475593
475594
475595
475596
475597
475598
475599
475600
475601
475602
475603
475604
475605
475606
475607
475608
475609
475610
475611
475612
475613
475614
475615
475616
475617
475618
475619
475620
475621
475622
475623
475624
475625
475626
475627
475628
475629
475630
475631
475632
475633
475634
475635
475636
475637
475638
475639
475640
475641
475642
475643
475644
475645
475646
475647
475648
475649
475650
475651
475652
475653
475654
475655
475656
475657
475658
475659
475660
475661
475662
475663
475664
475665
475666
475667
475668
475669
475670
475671
475672
475673
475674
475675
475676
475677
475678
475679
475680
475681
475682
475683
475684
475685
475686
475687
475688
475689
475690
475691
475692
475693
475694
475695
475696
475697
475698
475699
475700
475701
475702
475703
475704
475705
475706
475707
475708
475709
475710
475711
475712
475713
475714
475715
475716
475717
475718
475719
475720
475721
475722
475723
475724
475725
475726
475727
475728
475729
475730
475731
475732
475733
475734
475735
475736
475737
475738
475739
475740
475741
475742
475743
475744
475745
475746
475747
475748
475749
475750
475751
475752
475753
475754
475755
475756
475757
475758
475759
475760
475761
475762
475763
475764
475765
475766
475767
475768
475769
475770
475771
475772
475773
475774
475775
475776
475777
475778
475779
475780
475781
475782
475783
475784
475785
475786
475787
475788
475789
475790
475791
475792
475793
475794
475795
475796
475797
475798
475799
475800
475801
475802
475803
475804
475805
475806
475807
475808
475809
475810
475811
475812
475813
475814
475815
475816
475817
475818
475819
475820
475821
475822
475823
475824
475825
475826
475827
475828
475829
475830
475831
475832
475833
475834
475835
475836
475837
475838
475839
475840
475841
475842
475843
475844
475845
475846
475847
475848
475849
475850
475851
475852
475853
475854
475855
475856
475857
475858
475859
475860
475861
475862
475863
475864
475865
475866
475867
475868
475869
475870
475871
475872
475873
475874
475875
475876
475877
475878
475879
475880
475881
475882
475883
475884
475885
475886
475887
475888
475889
475890
475891
475892
475893
475894
475895
475896
475897
475898
475899
475900
475901
475902
475903
475904
475905
475906
475907
475908
475909
475910
475911
475912
475913
475914
475915
475916
475917
475918
475919
475920
475921
475922
475923
475924
475925
475926
475927
475928
475929
475930
475931
475932
475933
475934
475935
475936
475937
475938
475939
475940
475941
475942
475943
475944
475945
475946
475947
475948
475949
475950
475951
475952
475953
475954
475955
475956
475957
475958
475959
475960
475961
475962
475963
475964
475965
475966
475967
475968
475969
475970
475971
475972
475973
475974
475975
475976
475977
475978
475979
475980
475981
475982
475983
475984
475985
475986
475987
475988
475989
475990
475991
475992
475993
475994
475995
475996
475997
475998
475999
476000
476001
476002
476003
476004
476005
476006
476007
476008
476009
476010
476011
476012
476013
476014
476015
476016
476017
476018
476019
476020
476021
476022
476023
476024
476025
476026
476027
476028
476029
476030
476031
476032
476033
476034
476035
476036
476037
476038
476039
476040
476041
476042
476043
476044
476045
476046
476047
476048
476049
476050
476051
476052
476053
476054
476055
476056
476057
476058
476059
476060
476061
476062
476063
476064
476065
476066
476067
476068
476069
476070
476071
476072
476073
476074
476075
476076
476077
476078
476079
476080
476081
476082
476083
476084
476085
476086
476087
476088
476089
476090
476091
476092
476093
476094
476095
476096
476097
476098
476099
476100
476101
476102
480199
476103
480200
476104
480201
476105
480202
476106
480203
476107
480204
476108
480205
476109
480206
476110
480207
476111
480208
476112
480209
476113
480210
476114
480211
476115
480212
476116
480213
476117
480214
476118
480215
476119
480216
476120
480217
476121
480218
476122
480219
476123
480220
476124
480221
476125
480222
476126
480223
476127
480224
476128
480225
476129
480226
476130
480227
476131
480228
476132
480229
476133
480230
476134
480231
476135
480232
476136
480233
476137
480234
476138
480235
476139
480236
476140
480237
476141
480238
476142
476143
476144
476145
476146
476147
476148
476149
476150
476151
476152
476153
476154
476155
476156
476157
476158
476159
476160
476161
476162
476163
476164
476165
476166
476167
476168
476169
476170
476171
476172
476173
476174
476175
476176
476177
476178
476179
476180
476181
476182
476183
476184
476185
476186
476187
476188
476189
476190
476191
476192
476193
476194
476195
476196
476197
476198
476199
476200
476201
476202
476203
476204
476205
476206
476207
476208
476209
476210
476211
476212
476213
476214
476215
476216
476217
476218
476219
476220
476221
476222
476223
476224
476225
476226
476227
476228
476229
476230
476231
476232
476233
476234
476235
476236
476237
476238
476239
476240
476241
476242
476243
476244
476245
476246
476247
476248
476249
476250
476251
476252
476253
476254
476255
476256
476257
476258
476259
476260
476261
476262
476263
476264
476265
476266
476267
476268
476269
476270
476271
476272
476273
476274
476275
476276
476277
476278
476279
476280
476281
476282
476283
476284
476285
476286
476287
476288
476289
476290
476291
476292
476293
476294
476295
476296
476297
476298
476299
476300
476301
476302
476303
476304
476305
476306
476307
476308
476309
476310
476311
476312
476313
476314
476315
476316
476317
476318
476319
476320
476321
476322
476323
476324
476325
476326
476327
476328
476329
476330
476331
476332
476333
476334
476335
476336
476337
476338
476339
476340
476341
476342
476343
476344
476345
476346
476347
476348
476349
476350
476351
476352
476353
476354
476355
476356
476357
476358
476359
476360
476361
476362
476363
476364
476365
476366
476367
476368
476369
476370
476371
476372
476373
476374
476375
476376
476377
476378
476379
476380
476381
476382
476383
476384
476385
476386
476387
476388
476389
476390
476391
476392
476393
476394
476395
476396
476397
476398
476399
476400
476401
476402
476403
476404
476405
476406
476407
476408
476409
476410
476411
476412
476413
476414
476415
476416
476417
476418
476419
476420
476421
476422
476423
476424
476425
476426
476427
476428
476429
476430
476431
476432
476433
476434
476435
476436
476437
476438
476439
476440
476441
476442
476443
476444
476445
476446
476447
476448
476449
476450
476451
476452
476453
476454
476455
476456
476457
476458
476459
476460
476461
476462
476463
476464
476465
476466
476467
476468
476469
476470
476471
476472
476473
476474
476475
476476
476477
476478
476479
476480
476481
476482
476483
476484
476485
476486
476487
476488
476489
476490
476491
476492
476493
476494
476495
476496
476497
476498
476499
476500
476501
476502
476503
476504
476505
476506
476507
476508
476509
476510
476511
476512
476513
476514
476515
476516
476517
476518
476519
476520
476521
476522
476523
476524
476525
476526
476527
476528
476529
476530
476531
476532
476533
476534
476535
476536
476537
476538
476539
476540
476541
476542
476543
476544
476545
476546
476547
476548
476549
476550
476551
476552
476553
476554
476555
476556
476557
476558
476559
476560
476561
476562
476563
476564
476565
476566
476567
476568
476569
476570
476571
476572
476573
476574
476575
476576
476577
476578
476579
476580
476581
476582
476583
476584
476585
476586
476587
476588
476589
476590
476591
476592
476593
476594
476595
476596
476597
476598
476599
476600
476601
476602
476603
476604
476605
476606
476607
476608
476609
476610
476611
476612
476613
476614
476615
476616
476617
476618
476619
476620
476621
476622
476623
476624
476625
476626
476627
476628
476629
476630
476631
476632
476633
476634
476635
476636
476637
476638
476639
476640
476641
476642
476643
476644
476645
476646
476647
476648
476649
476650
476651
476652
476653
476654
476655
476656
476657
476658
476659
476660
476661
476662
476663
476664
476665
476666
476667
476668
476669
476670
476671
476672
476673
476674
476675
476676
476677
476678
476679
476680
476681
476682
476683
476684
476685
476686
476687
476688
476689
476690
476691
476692
476693
476694
476695
476696
476697
476698
476699
476700
476701
476702
476703
476704
476705
476706
476707
476708
476709
476710
476711
476712
476713
476714
476715
476716
476717
476718
476719
476720
476721
476722
476723
476724
476725
476726
476727
476728
476729
476730
476731
476732
476733
476734
476735
476736
476737
476738
476739
476740
476741
476742
476743
476744
476745
476746
476747
476748
476749
476750
476751
476752
476753
476754
476755
476756
476757
476758
476759
476760
476761
476762
476763
476764
476765
476766
476767
476768
476769
476770
476771
476772
476773
476774
476775
476776
476777
476778
476779
476780
476781
476782
476783
476784
476785
476786
476787
476788
476789
476790
476791
476792
476793
476794
476795
476796
476797
476798
476799
476800
476801
476802
476803
476804
476805
476806
476807
476808
476809
476810
476811
476812
476813
476814
476815
476816
476817
476818
476819
476820
476821
476822
476823
476824
476825
476826
476827
473948
473949
473950
473951
473952
473953
473954
473955
473956
473957
473958
473959
473960
473961
473962
473963
473964
473965
473966
473967
473968
473969
473970
473971
473972
473973
473974
473975
473976
473977
473978
473979
473980
473981
473982
473983
473984
473985
473986
473987
473988
473989
473990
473991
473992
473993
473994
473995
473996
473997
473998
473999
474000
474001
474002
474003
474004
474005
474006
474007
474008
474009
474010
474011
474012
474013
474014
474015
474016
474017
474018
474019
474020
474021
474022
474023
474024
474025
474026
474027
474028
474029
474030
474031
474032
474033
474034
474035
474036
474037
474038
474039
474040
474041
474042
474043
474044
474045
474046
474047
474048
474049
474050
474051
474052
474053
474054
474055
474056
474057
474058
474059
474060
474061
474062
474063
474064
474065
474066
474067
474068
474069
474070
474071
474072
474073
474074
474075
474076
474077
474078
474079
474080
474081
474082
474083
474084
474085
474086
474087
474088
474089
474090
474091
474092
474093
474094
474095
474096
474097
474098
474099
474100
474101
474102
474103
474104
474105
474106
474107
474108
474109
474110
474111
474112
474113
474114
474115
474116
474117
474118
474119
474120
474121
474122
474123
474124
474125
474126
474127
474128
474129
474130
474131
474132
474133
474134
474135
474136
474137
474138
474139
474140
474141
474142
474143
474144
474145
474146
474147
474148
474149
474150
474151
474152
474153
474154
474155
474156
474157
474158
474159
474160
474161
474162
474163
474164
474165
474166
474167
474168
474169
474170
474171
474172
474173
474174
474175
474176
474177
474178
474179
474180
474181
474182
474183
474184
474185
474186
474187
474188
474189
474190
474191
474192
474193
474194
474195
474196
474197
474198
474199
474200
474201
474202
474203
474204
474205
474206
474207
474208
474209
474210
474211
474212
474213
474214
474215
474216
474217
474218
474219
474220
474221
474222
474223
474224
474225
474226
474227
474228
474229
474230
474231
474232
474233
474234
474235
474236
474237
474238
474239
474240
474241
474242
474243
474244
474245
474246
474247
474248
474249
474250
474251
474252
474253
474254
474255
474256
474257
474258
474259
474260
474261
474262
474263
474264
474265
474266
474267
474268
474269
474270
474271
474272
474273
474274
474275
474276
474277
474278
474279
474280
474281
474282
474283
474284
474285
474286
474287
474288
474289
474290
474291
474292
474293
474294
474295
474296
474297
474298
474299
474300
474301
474302
474303
474304
474305
474306
474307
474308
474309
474310
474311
474312
474313
474314
474315
474316
474317
474318
474319
474320
474321
474322
474323
474324
474325
474326
474327
474328
474329
474330
474331
474332
474333
474334
474335
474336
474337
474338
474339
474340
474341
474342
474343
474344
474345
474346
474347
474348
474349
474350
474351
474352
474353
474354
474355
474356
474357
474358
474359
474360
474361
474362
474363
474364
474365
474366
474367
474368
474369
474370
474371
474372
474373
474374
474375
474376
474377
474378
474379
474380
474381
474382
474383
474384
474385
474386
474387
474388
474389
474390
474391
474392
474393
474394
474395
474396
474397
474398
474399
474400
474401
474402
474403
474404
474405
474406
474407
474408
474409
474410
474411
474412
474413
474414
474415
474416
474417
474418
474419
474420
474421
474422
474423
474424
474425
474426
474427
474428
474429
474430
474431
474432
474433
474434
474435
474436
474437
474438
474439
474440
474441
474442
474443
474444
474445
474446
474447
474448
474449
474450
474451
474452
474453
474454
474455
474456
474457
474458
474459
474460
474461
474462
474463
474464
474465
474466
474467
474468
474469
474470
474471
474472
474473
474474
474475
474476
474477
474478
474479
474480
474481
474482
474483
474484
474485
474486
474487
474488
474489
474490
474491
474492
474493
474494
474495
474496
474497
474498
474499
474500
474501
474502
474503
474504
474505
474506
474507
474508
474509
474510
474511
474512
474513
474514
474515
474516
474517
474518
474519
474520
474521
474522
474523
474524
474525
474526
474527
474528
474529
474530
474531
474532
474533
474534
474535
474536
474537
474538
474539
474540
474541
474542
474543
474544
474545
474546
474547
474548
474549
474550
474551
474552
474553
474554
474555
474556
474557
474558
474559
474560
474561
474562
474563
474564
474565
474566
474567
474568
474569
474570
474571
474572
474573
474574
474575
474576
474577
474578
474579
474580
474581
474582
474583
474584
474585
474586
474587
474588
474589
474590
474591
474592
474593
474594
474595
474596
474597
474598
474599
474600
474601
474602
474603
474604
474605
474606
474607
474608
474609
474610
474611
474612
474613
474614
474615
474616
474617
474618
474619
474620
474621
474622
474623
474624
474625
474626
474627
474628
474629
474630
474631
474632
474633
474634
474635
474636
474637
474638
474639
474640
474641
474642
474643
474644
474645
474646
474647
474648
474649
474650
474651
474652
474653
474654
474655
474656
474657
474658
474659
474660
474661
474662
474663
474664
474665
474666
474667
474668
474669
474670
474671
474672
474673
474674
474675
474676
474677
474678
474679
474680
474681
474682
474683
474684
474685
474686
474687
474688
474689
474690
474691
474692
474693
474694
474695
474696
474697
474698
474699
474700
474701
474702
474703
474704
474705
474706
474707
474708
474709
474710
474711
474712
474713
474714
474715
474716
474717
474718
474719
474720
474721
474722
474723
474724
474725
474726
474727
474728
474729
474730
474731
474732
474733
474734
474735
474736
474737
474738
474739
474740
474741
474742
474743
474744
474745
474746
474747
474748
474749
474750
474751
474752
474753
474754
474755
474756
474757
474758
474759
474760
474761
474762
474763
474764
474765
474766
474767
474768
474769
474770
474771
474772
474773
474774
474775
474776
474777
474778
474779
474780
474781
474782
474783
474784
474785
474786
474787
474788
474789
474790
474791
474792
474793
474794
474795
474796
474797
474798
474799
474800
474801
474802
474803
474804
474805
474806
474807
474808
474809
474810
474811
474812
474813
474814
474815
474816
474817
474818
474819
474820
474821
474822
474823
474824
474825
474826
474827
474828
474829
474830
474831
474832
474833
474834
474835
474836
474837
474838
474839
474840
474841
474842
474843
474844
474845
474846
474847
474848
474849
474850
474851
474852
474853
474854
474855
474856
474857
474858
474859
474860
474861
474862
474863
474864
474865
474866
474867
474868
474869
474870
474871
474872
474873
474874
474875
474876
474877
474878
474879
474880
474881
474882
474883
474884
474885
474886
474887
474888
474889
474890
474891
474892
474893
474894
474895
474896
474897
474898
474899
474900
474901
474902
474903
474904
474905
474906
474907
474908
474909
474910
474911
474912
474913
474914
474915
474916
474917
474918
474919
474920
474921
474922
474923
474924
474925
474926
474927
474928
474929
474930
474931
474932
474933
474934
474935
474936
474937
474938
474939
474940
474941
474942
474943
474944
474945
474946
474947
474948
474949
474950
474951
474952
474953
474954
474955
474956
474957
474958
474959
474960
474961
474962
474963
474964
474965
474966
474967
474968
474969
474970
474971
474972
474973
474974
474975
474976
474977
474978
474979
474980
474981
474982
474983
474984
474985
474986
474987
474988
474989
474990
474991
474992
474993
474994
474995
474996
474997
474998
474999
475000
475001
475002
475003
475004
475005
475006
475007
475008
475009
475010
475011
475012
475013
475014
475015
475016
475017
475018
475019
475020
475021
475022
475023
475024
475025
475026
475027
475028
475029
475030
475031
475032
475033
475034
475035
475036
475037
475038
475039
475040
475041
475042
475043
475044
475045
475046
475047
475048
475049
475050
475051
475052
475053
475054
475055
475056
475057
475058
475059
475060
475061
475062
475063
475064
475065
475066
475067
475068
475069
475070
475071
475072
475073
475074
475075
475076
475077
475078
475079
475080
475081
475082
475083
475084
475085
475086
475087
475088
475089
475090
475091
475092
475093
475094
475095
475096
475097
475098
475099
475100
475101
475102
475103
475104
475105
475106
475107
475108
475109
475110
475111
475112
475113
475114
475115
475116
475117
475118
475119
475120
475121
475122
475123
475124
475125
475126
475127
475128
475129
475130
475131
475132
475133
475134
475135
)


// ************************************************************************* //
