/*--------------------------------*- C++ -*----------------------------------*\
| =========                 |                                                 |
| \\      /  F ield         | OpenFOAM: The Open Source CFD Toolbox           |
|  \\    /   O peration     | Version:  2412                                  |
|   \\  /    A nd           | Website:  www.openfoam.com                      |
|    \\/     M anipulation  |                                                 |
\*---------------------------------------------------------------------------*/
FoamFile
{
    version     2.0;
    format      binary;
    arch        "LSB;label=32;scalar=64";
    class       cellSet;
    location    "constant/polyMesh/sets";
    object      inletCellZone;
}
// * * * * * * * * * * * * * * * * * * * * * * * * * * * * * * * * * * * * * //


3520
(
0
5
40966
13
139277
57359
122897
90130
106514
16403
73750
24
32795
155680
49187
147493
38
8230
131111
98346
114730
65580
81964
24623
54
41015
139325
57408
122945
90178
106562
16452
73798
74
32844
155726
49236
147541
131159
8280
98394
114778
147546
82012
65629
24672
98
147555
41064
139373
147566
57457
122993
90226
106610
16501
73846
147580
32893
126
155776
49285
131207
8330
98442
114826
82060
147597
65678
24721
41113
139421
160
123041
147617
57506
90274
106658
73894
16550
32942
155826
49334
131255
147641
98490
114874
8380
82108
65726
24770
41162
204
139469
123089
90322
106706
57555
73942
147670
16599
32991
155876
49383
131303
98538
114922
82156
8429
65774
24819
147704
41211
139517
254
123137
90370
106754
57604
73990
16648
33040
155926
131351
49432
98586
114970
82204
65822
8478
24868
147749
41260
139565
304
123185
90418
106802
139570
57653
74038
16697
139579
33089
139590
155975
131399
49481
98634
115018
82252
65870
8527
139604
24917
147799
41309
123233
354
90466
106850
139621
74086
57702
16746
33138
131447
156024
139641
49530
98682
115066
82300
65918
8576
24966
147849
41358
123281
139665
90514
106898
404
74134
57750
16795
33187
131495
156073
98730
115114
49579
82348
65966
139694
8625
25015
147899
41407
123329
90562
106946
57798
454
74182
16844
139728
33236
131543
156122
98778
115162
49628
82396
66014
8674
25064
147949
41456
123377
90610
106994
57846
74230
503
16893
139773
33285
131591
98826
115210
156171
82444
131596
49677
66062
8723
131605
25113
147998
131616
41505
123425
90658
107042
57894
74278
552
16942
131630
139823
33334
98874
115258
156220
82492
66110
49726
131647
8772
25162
148047
123473
41554
90706
107090
131667
57942
74326
601
16991
139873
33383
98922
115306
131691
82540
156269
66158
49774
8821
25211
148096
123521
90754
107138
41603
57990
74374
131719
650
17040
139923
33432
98970
115354
82588
156318
66206
49822
8870
131753
25260
123569
148145
90802
107186
41652
58038
74422
699
17089
139973
33481
99018
115402
82636
66254
49870
156367
131798
8919
25309
123617
90850
107234
148194
41701
58086
74470
123622
748
123631
17138
140022
33530
99066
115450
123642
82684
66302
49918
156416
8968
123656
131848
25358
90898
107282
148243
58134
41750
74518
123673
797
17187
140071
99114
115498
33579
82732
123693
66350
49966
156465
9017
131898
25407
90946
107330
148292
123717
58182
41798
74566
846
17236
140120
99162
115546
33628
82780
66398
50014
123745
156514
9066
131948
25456
90994
107378
148341
58230
41846
74614
895
123779
17285
140169
99210
115594
82828
33677
66446
50062
156563
9115
131998
25505
91042
107426
148390
58278
41894
74662
944
123824
17334
99258
115642
140218
82876
66494
50110
33726
115647
156612
115656
9164
132047
25554
91090
107474
115667
58326
41942
74710
148439
993
115681
123874
17383
99306
140267
82924
66542
50158
33775
115698
156661
9213
132096
91138
107522
25603
58374
41990
74758
115718
148488
1042
123924
17432
99354
82972
140316
66590
50206
115742
33824
156710
9262
132145
91186
107570
25652
58422
42038
74806
148537
115770
1091
123974
17481
99402
83020
140365
66638
50254
33872
156759
115804
9311
91234
107618
132194
25701
58470
42086
74854
148586
1140
124024
17530
99450
83068
66686
50302
140414
33920
156808
115849
9360
91282
107666
132243
58518
42134
25750
74902
107671
148635
107680
1189
124073
99498
17579
107691
83116
66734
50350
140463
33968
156857
107705
115899
9409
91330
132292
58566
42182
74950
25799
107722
148684
1238
99546
124122
17628
83164
66782
50398
107742
34016
140512
156906
115949
9458
91378
132341
58614
42230
74998
107766
25848
148733
1287
99594
124171
83212
17677
66830
50446
34064
140561
107794
156955
115999
91426
9507
58662
42278
75046
132390
25896
148782
107828
1336
99642
83260
124220
66878
50494
17726
34112
140610
157004
116049
91474
9556
58710
42326
75094
132439
25944
148831
107873
1385
99690
83308
124269
66926
50542
17775
99695
34160
140659
99704
157053
91522
116098
99715
9605
58758
42374
75142
25992
132488
148880
99729
107923
1434
83356
66974
50590
124318
17824
34208
99746
140708
157102
91570
116147
58806
42422
9654
75190
99766
26040
132537
148929
107973
1483
83404
67022
50638
99790
124367
34256
17873
140757
157151
91618
116196
58854
42470
75238
9703
26088
99818
132586
148978
108023
1532
83452
67070
50686
34304
124416
17921
140806
99852
157200
91666
116245
58902
42518
75286
9752
26136
132635
149027
108073
83500
1581
67118
50734
34352
17969
124465
140855
99897
157249
91714
58950
42566
75334
116294
91719
26184
9801
132684
91728
149076
108122
91739
83548
67166
50782
1630
34400
18017
124514
140904
91753
99947
157298
58998
42614
75382
116343
26232
9850
91770
132733
149125
108171
83596
67214
50830
91790
1679
34448
18065
124563
140953
99997
157346
59046
42662
75430
91814
26280
116392
9899
132782
149174
83644
108220
67262
50878
1728
34496
18113
91842
124612
141002
100047
157394
59094
42710
75478
26328
116441
9947
132831
91876
149223
83692
108269
67310
50926
34544
1777
18161
124661
141051
100097
157442
59142
42758
75526
26376
116490
9995
132880
91921
149272
83740
67358
50974
108318
34592
18209
83745
1826
124710
83754
141100
157490
100146
83765
59190
42806
75574
26424
10043
116539
132929
83779
91971
149321
67406
51022
108367
34640
18257
1875
83795
124759
141149
157538
100195
59238
42854
75622
83815
26472
10091
116588
132978
92021
149369
67454
51070
83839
34688
108416
18305
1924
124808
141198
157586
100244
59286
42902
75670
26520
10139
83867
116637
133027
92071
149417
67502
51118
34736
18353
108465
1972
124857
83901
141247
157634
100293
59334
42950
75718
26568
10187
116686
133076
149465
92121
67550
51166
34784
18401
108514
2020
83946
124906
141296
157682
59382
42998
75766
100342
26616
10235
75771
116735
75780
133125
149513
92170
67598
51214
75791
34832
18449
108563
2068
124955
83996
75805
141345
157730
59430
43046
100391
26664
10283
75821
116784
133174
149561
92219
67646
51262
34880
18497
75841
2116
108612
125004
84046
141393
157778
59478
43094
26712
100440
75865
10331
116833
133223
149609
92268
67694
51310
34928
18545
2164
75893
108661
125053
84096
141441
157826
59526
43142
26760
100489
10379
116882
75927
133272
149657
92317
67742
51358
34976
18593
2212
108710
125102
141489
157874
84146
59574
43190
26808
100538
10427
116931
75972
149705
133321
67790
51406
92366
35024
18641
67795
2260
108759
67804
125151
141537
157922
84195
59622
43238
67815
26856
10475
100587
116980
67829
76022
149753
133370
51454
92415
35072
18689
2308
67845
108808
125200
141585
157970
84244
59670
43286
26904
67865
10523
100636
117029
76072
149801
133418
51502
35120
92464
67889
18737
2356
108857
125249
141633
158018
84293
59718
43334
26952
10571
67917
100685
117078
149849
76122
133466
51550
35168
18785
92513
2404
108906
67951
141681
158066
125298
59766
43382
84342
27000
10619
100734
117127
149897
133514
76172
51598
35216
18833
92562
2452
108955
67996
141729
158114
125347
59814
43430
84391
27048
59819
10667
100783
59828
117176
149945
133562
76221
51646
59839
35264
18881
92611
2500
109004
59853
68046
141777
158162
125396
43478
27096
84440
10715
59869
100832
149993
117225
133610
51694
76270
35312
59889
18929
2548
92660
109053
68096
141825
158210
125444
43526
27144
59913
84489
10763
100881
150041
117274
133658
51742
76319
35360
18977
2596
59941
92709
109102
141873
158258
68146
125492
43574
27192
84538
10811
100930
59975
150089
133706
117323
51790
35408
76368
19025
2644
92758
109151
141921
158306
68196
125540
43622
27240
10859
84587
100979
60020
150137
133754
117372
51838
35456
19073
76417
51843
2692
92807
51852
109200
141969
158354
125588
68245
43670
51863
27288
10907
84636
101028
51877
60070
150185
133802
117421
35504
19121
76466
2740
51893
92856
109249
142017
158402
125636
68294
43718
27336
51913
10955
84685
101077
60120
150233
133850
117470
35552
51937
19169
76515
2788
92905
142065
158450
109298
125684
43766
68343
27384
11003
51965
84734
101126
150281
60170
133898
117518
35600
19217
2836
76564
92954
51999
142113
158498
109347
125732
43814
68392
27432
11051
84783
101175
150329
133946
60220
117566
35648
19265
2884
76613
93003
52044
142161
158546
109396
125780
43862
27480
68441
43867
11099
84832
43876
101224
150377
133994
60269
117614
43887
35696
19313
2932
76662
93052
43901
52094
142209
158594
125828
109445
27528
68490
11147
43917
84881
150425
101273
134042
60318
117662
35744
43937
19361
2980
76711
93101
52144
142257
158642
125876
109494
27576
43961
68539
11195
84930
150473
101322
134090
117710
60367
35792
19409
3028
43989
76760
93150
142305
158690
52194
125924
109542
27624
11243
68588
84979
44023
150521
134138
101371
117758
60416
35840
19457
3076
76809
93199
142353
158738
52244
125972
109590
27672
11291
68637
44068
85028
150569
134186
101420
117806
35888
60465
19505
3124
35893
76858
35901
93248
142401
158786
126020
52293
109638
27720
35912
11339
68686
85077
44118
35926
150617
134234
101469
117854
19553
60514
3172
35942
76907
93297
142449
158834
126068
52342
109686
27768
35962
11387
68735
85126
44168
150665
134282
101518
117902
19601
35986
60563
3220
76956
142497
158882
93346
126116
109734
52391
27816
11435
36014
68784
85175
150713
44218
134330
101566
117950
19649
60612
3268
77005
36048
142545
158930
93395
126164
109782
52440
27864
11483
68833
85224
150761
134378
44268
101614
117998
19697
3316
60661
36093
77054
142593
158978
93444
126212
109830
27912
52489
11531
27917
68882
27925
150809
85273
134426
44317
101662
118046
27936
19745
3364
60710
27950
36143
77103
142641
159026
126260
93493
109878
52538
11579
27966
68931
150857
85322
134474
44366
101710
118094
19793
27986
3412
60759
77152
36193
142689
159074
126308
93542
109926
28010
52587
11627
68980
150905
134522
85371
101758
118142
44415
19841
3460
28038
60808
77201
142737
159122
36243
126356
93590
109974
11675
52636
69029
28072
150953
134570
85420
101806
118190
44464
19889
3508
60857
142785
159170
77250
126404
36293
93638
110022
11723
52685
28117
69078
151001
134618
85469
101854
118238
44513
19937
3556
19942
60906
19950
142833
159218
77299
126452
36342
93686
110070
19961
11771
52734
69127
19975
28167
151049
134666
85518
101902
118286
44562
3604
19991
60955
142881
159266
77348
126500
93734
110118
36391
11819
20011
52783
69176
151097
28217
134714
101950
118334
85567
44611
20035
3652
61004
142929
159314
126548
77397
93782
110166
36440
11867
20063
52832
151145
69225
134762
28267
101998
118382
85615
44660
3700
61053
20097
142977
159362
126596
77446
93830
110214
36489
11915
52881
151193
69274
134810
28317
102046
118430
85663
3748
44709
20141
61102
143025
159410
126644
93878
110262
77495
36538
11963
11968
52930
11976
151241
134858
69323
28366
102094
118478
85711
11987
3796
44758
61151
20191
12001
143073
159458
126692
93926
110310
77544
36587
12017
52979
151289
134906
69372
102142
118526
28415
85759
3844
12037
44807
61200
20241
143121
126740
93974
110358
77593
36636
12061
53028
151337
134954
69421
102190
118574
85807
28464
3892
44856
12089
61249
143169
20291
126788
94022
110406
77641
36685
53077
151385
135002
12123
69470
102238
118622
85855
28513
3940
44905
143217
61298
126836
20341
94070
110454
77689
36734
53126
12167
151433
135050
102286
118670
69519
85903
28562
3988
3993
44954
4001
143265
61347
126884
20390
94118
110502
77737
4012
36783
53175
151481
12217
4026
135098
102334
118718
85951
69568
28611
4042
45003
143313
61396
126932
94166
110550
20439
77785
4062
36832
53224
151529
135146
12267
151534
102382
118766
85999
69617
28660
4086
151543
45052
143361
151554
126980
61445
94214
110598
20488
77833
151568
36881
4114
53273
135194
12317
102430
118814
86047
151585
69666
28709
45101
143409
4148
127028
151605
61494
94262
110646
20537
77881
36930
53322
135242
151629
102478
118862
12367
86095
69714
28758
45150
4192
143457
127076
94310
110694
61543
77929
151658
20586
36979
135290
53371
102526
118910
86143
12416
69762
28807
151692
45199
143505
4242
127124
94358
110742
61592
77977
20635
37028
135338
53420
102574
118958
86191
12465
69810
28856
151737
45248
143553
4292
127172
94406
110790
143558
61641
78025
20684
143567
37077
135386
143578
53469
102622
119006
86239
69858
12514
143592
28905
151787
45297
127220
4342
94454
110838
78073
143609
61690
20733
37126
135434
143629
53518
102670
119054
86287
69906
12563
28954
151837
45346
127268
143653
94502
110886
4392
78121
61738
20782
37175
135482
102718
119102
53567
86335
69954
143682
12612
29003
151887
45395
127316
94550
110934
78169
61786
4442
20831
143716
37224
135530
102766
119150
86383
53616
70002
12661
29052
151937
45444
127364
94598
110982
78217
61834
4491
20880
143761
37273
135578
102814
119198
86431
135583
53665
70050
12710
135592
29101
151986
135603
127412
45493
94646
111030
78265
61882
4540
20929
135617
143811
37322
102862
119246
86479
70098
53714
135634
12759
29150
152035
127460
45542
94694
111078
135654
78313
61930
4589
20978
143861
37371
102910
119294
135678
86527
70146
53762
12808
29199
152084
127508
94742
111126
45591
78361
61978
135706
4638
21027
143911
37420
102958
119342
86575
70194
53810
12857
135740
29248
127556
152133
94790
111174
45640
78409
62026
4687
21076
143961
37469
103006
119390
86623
70242
53858
135785
12906
29297
127604
152182
94838
111222
45689
78457
127609
62074
4736
127618
21125
144010
127629
37518
103054
119438
86671
70290
53906
12955
127643
135835
29346
94886
111270
152231
78505
62122
45738
127660
4785
21174
144059
103102
119486
37567
86719
127680
70338
53954
13004
135885
29395
94934
111318
152280
127704
78553
62170
45786
4834
21223
144108
103150
119534
86767
37616
70386
54002
127732
13053
135935
29444
94982
111366
152329
78601
62218
45834
4883
127766
21272
144157
103198
119582
86815
37665
70434
54050
13102
135985
29493
95030
111414
78649
152378
62266
45882
127811
4932
21321
103246
119630
144206
86863
70482
54098
37714
119635
119644
13151
136034
29542
95078
111462
119655
78697
62314
45930
152427
4981
119669
127861
21370
103294
86911
144255
70530
54146
37763
119686
13200
136083
95126
111510
29591
78745
62362
45978
119706
152476
5030
127911
21419
103342
86959
144304
70578
54194
119730
37811
13249
136132
95174
111558
29640
78793
62410
46026
152525
119758
5079
127961
21468
103390
87007
144353
70626
54242
37859
119792
13298
136181
95222
111606
29689
78841
62458
46074
152574
5128
128011
21517
103438
87055
70674
54290
144402
37907
119837
13347
95270
111654
136230
78889
62506
46122
29738
111659
152623
111668
5177
128060
21566
103486
87103
111679
70722
54338
37955
144451
111693
119887
13396
95318
136279
78937
62554
46170
29787
111710
152672
5226
128109
103534
21615
87151
70770
54386
111730
38003
144500
119937
13445
95366
136328
78985
62602
46218
111754
29836
152721
5275
103582
128158
87199
21664
70818
54434
38051
144549
111782
119987
13494
95414
79033
136377
62650
46266
29884
152770
111816
5324
103630
87247
128207
21713
70866
54482
38099
144598
120037
95462
13543
79081
62698
46314
136426
29932
152819
111861
5373
103678
87295
128256
70914
54530
21762
38147
103683
144647
103692
95510
120086
103703
13592
79129
62746
46362
136475
29980
152868
103717
111911
5422
87343
128305
70962
54578
38195
21811
103734
144696
95558
120135
13641
79177
62794
46410
103754
30028
136524
152917
111961
5471
87391
71010
54626
103778
128354
38243
21860
144745
95606
120184
79225
62842
46458
13690
30076
136573
103806
152966
112011
87439
5520
71058
54674
38291
128403
21908
144794
103840
95654
79273
120233
62890
46506
13739
30124
136622
153015
112061
87487
5569
71106
54722
38339
21956
128452
144843
103885
95702
79321
62938
46554
120282
95707
13788
30172
136671
95716
153064
112110
87535
95727
71154
54770
5618
38387
22004
128501
144892
95741
103935
79369
62986
46602
120331
30220
13837
95758
136720
153113
87583
112159
71202
54818
95778
38435
5667
22052
128550
144941
103985
79417
63034
46650
95802
30268
120380
13886
136769
153162
87631
112208
71250
54866
38483
5716
22100
95830
128599
144990
104035
79465
63082
46698
30316
120429
13934
136818
95864
153211
87679
112257
71298
54914
38531
22148
5765
128648
145039
104085
79513
63130
46746
30364
13982
120478
136867
95909
153260
87727
71346
54962
112306
38579
22196
87732
5814
128697
87741
145088
104134
87752
79561
63178
46794
30412
14030
120527
136916
87766
95959
153309
71394
55010
38627
112355
22244
87782
5863
128746
145137
104183
79609
63226
46842
87802
30460
14078
120576
136965
96009
153357
71442
55058
87826
38675
22292
112404
5912
128795
145186
104232
79657
63274
46890
30508
14126
87854
120625
137014
96059
153405
71490
55106
38723
22340
112453
5960
128844
87888
145235
79705
104281
63322
46938
30556
14174
120674
137063
153453
96109
71538
55154
38771
22388
112502
6008
87933
128893
145284
79753
63370
46986
104330
30604
14222
79758
120723
79767
137112
153501
96158
71586
55202
79778
38819
22436
112551
6056
128942
87983
79792
145333
63418
47034
104379
30652
14270
79808
120772
137161
153549
96207
71634
55250
38867
22484
79828
6104
112600
128991
88033
145381
63466
47082
30700
79852
104428
14318
120821
137210
153597
96256
71682
55298
38915
22532
6152
79880
112649
129040
88083
145429
63514
47130
30748
104477
14366
120870
79914
137259
153645
96305
71730
55346
38963
22580
6200
112698
129089
88133
145477
63562
47178
30796
14414
104526
79959
120919
137308
153693
71778
55394
96354
39011
22628
71783
6248
112747
71792
129138
145525
88182
63610
47226
71803
30844
14462
104575
120968
71817
80009
153741
137357
55442
39059
96403
22676
6296
71833
112796
129187
145573
88231
63658
47274
30892
71853
14510
104624
121017
80059
153789
137405
55490
39107
22724
96452
71877
6344
112845
129236
145621
88280
63706
47322
30940
14558
71905
104673
121066
153837
80109
137453
55538
39155
22772
96501
6392
112894
71939
129285
145669
88329
63754
47370
30988
14606
104722
121115
153885
137501
80159
55586
39203
22820
96550
6440
112943
71984
145717
129334
63802
47418
88378
31036
14654
63807
104771
63816
121164
153933
137549
80208
55634
63827
39251
22868
96599
6488
112992
63841
72034
145765
129383
47466
88427
31084
14702
63857
104820
153981
121213
137597
80257
55682
39299
22916
63877
6536
96648
113041
72084
145813
129431
47514
31132
88476
63901
14750
104869
154029
137645
121262
55730
80306
39347
22964
6584
63929
96697
113090
145861
72134
129479
47562
31180
88525
14798
104918
63963
154077
137693
121311
55778
39395
80355
23012
6632
96746
113139
145909
129527
72184
47610
31228
14846
88574
104967
64008
154125
137741
121360
55826
39443
23060
80404
55831
6680
96795
55840
113188
145957
129575
72233
47658
55851
31276
14894
88623
105016
55865
64058
154173
137789
121409
39491
23108
80453
6728
55881
96844
113237
146005
129623
72282
47706
31324
55901
14942
88672
105065
64108
154221
137837
121457
39539
23156
55925
80502
6776
96893
146053
113286
129671
47754
72331
31372
14990
55953
88721
105114
154269
137885
64158
121505
39587
23204
80551
6824
96942
55987
146101
113335
129719
47802
72380
31420
15038
88770
105163
154317
137933
64208
121553
39635
23252
6872
80600
96991
56032
146149
129767
113384
47850
31468
72429
15086
47855
88819
47864
105212
154365
137981
64257
121601
47875
39683
23300
6920
80649
97040
47889
56082
146197
129815
113433
31516
72478
15134
47905
88868
154413
105261
138029
121649
64306
39731
23348
47925
6968
80698
97089
56132
146245
129863
113482
31564
47949
15182
72527
88917
154461
138077
105310
121697
64355
39779
23396
7016
47977
80747
97138
146293
56182
129911
113530
31612
15230
72576
88966
48011
154509
138125
105359
121745
39827
64404
23444
7064
80796
97187
146341
129959
56232
113578
31660
15278
72625
89015
48056
154557
138173
105408
121793
39875
23492
64453
39880
7112
80845
39888
97236
146389
130007
56281
113626
39899
31708
15326
72674
89064
39913
48106
154605
138221
105457
121841
23540
64502
7160
39929
80894
97285
146437
130055
56330
113674
31756
39949
15374
72723
89113
48156
154653
138269
121889
105506
23588
39973
64551
7208
80943
146485
97334
130103
113722
56379
31804
15422
40001
72772
89162
154701
138317
48206
121937
105554
23636
64600
7256
80992
40035
146533
97383
130151
113770
56428
31852
15470
72821
89211
154749
138365
48256
121985
105602
23684
7304
64649
40080
81041
146581
130199
97432
113818
31900
56477
15518
31905
72870
31913
89260
154797
138413
48305
122033
105650
23732
31924
7352
64698
40130
31938
81090
146629
130247
97481
113866
56526
15566
31954
72919
154845
89309
138461
122081
48354
105698
23780
31974
7400
64747
81139
40180
146677
130295
97530
113914
15614
31998
56575
72968
154893
138509
89358
122129
105746
48403
23828
7448
32026
64796
81188
146725
40230
130343
97578
113962
15662
56624
73017
32060
154941
138557
89407
122177
105794
48452
23876
7496
64845
81237
146773
130391
40280
97626
114010
15710
56673
32105
73066
154989
138605
89456
122225
105842
23924
48501
7544
23929
64894
23937
146821
81286
130439
40329
97674
114058
23948
15758
56722
23962
73115
32155
155037
138653
89505
122273
105890
48550
7592
23978
64943
146869
81335
130487
40378
97722
114106
15806
23998
56771
73164
155085
32205
138701
122321
89554
105938
24022
48599
7640
64992
146917
130535
81384
97770
114154
40427
15854
24050
56820
155133
73213
138749
32255
122369
89602
105986
48648
7688
65041
24084
146965
130583
81433
97818
114202
40476
15902
56869
155181
138797
73262
32305
122417
89650
106034
7736
48697
24129
65090
147013
130631
81482
97866
114250
40525
15950
15955
56918
15963
155229
138845
73311
122465
32354
89698
106082
15974
7784
48746
65139
24179
15988
147061
130679
97914
114298
81531
40574
16004
56967
155277
138893
73360
122513
89746
106130
32403
7832
16024
48795
65188
24229
147109
130727
97962
114346
81580
40623
16048
57016
155325
138941
73409
122561
89794
106178
32452
7880
48844
16076
65237
147157
24279
130775
98010
114394
81628
40672
57065
155373
138989
16110
122609
73458
89842
106226
32501
7928
48893
147205
65286
130823
24329
98058
114442
81676
40721
57114
16154
155421
139037
122657
89890
106274
73507
32550
7976
7981
48942
7989
147253
65335
130871
24378
98106
114490
81724
8000
40770
57163
16204
155469
139085
8014
122705
89938
106322
73556
32599
8030
48991
147301
130919
65384
98154
114538
24427
81772
8050
40819
57212
155517
139133
16254
122753
155522
89986
106370
73605
32648
8074
155531
49040
147349
155542
130967
65433
98202
114586
24476
81820
155556
40868
8102
57261
139181
16304
122801
90034
106418
155573
73654
32697
49089
147397
131015
8136
155593
65482
98250
114634
81868
24525
40917
139229
57310
155617
122849
16354
90082
106466
73702
32746
49138
8180
147445
131063
98298
114682
65531
81916
155646
24574
)


// ************************************************************************* //
