/*--------------------------------*- C++ -*----------------------------------*\
| =========                 |                                                 |
| \\      /  F ield         | OpenFOAM: The Open Source CFD Toolbox           |
|  \\    /   O peration     | Version:  2412                                  |
|   \\  /    A nd           | Website:  www.openfoam.com                      |
|    \\/     M anipulation  |                                                 |
\*---------------------------------------------------------------------------*/
FoamFile
{
    version     2.0;
    format      binary;
    arch        "LSB;label=32;scalar=64";
    class       faceSet;
    location    "constant/polyMesh/sets";
    object      inletFaceSet;
}
// * * * * * * * * * * * * * * * * * * * * * * * * * * * * * * * * * * * * * //


3520
(
484532
484533
484534
484535
484536
484537
484538
484539
484540
484541
484542
484543
484544
484545
484546
484547
484548
484549
484550
484551
484552
484553
484554
484555
484556
484557
484558
484559
484560
484561
484562
484563
484564
484565
484566
484567
484568
484569
484570
484571
484572
484573
484574
484575
484576
484577
484578
484579
484580
484581
484582
484583
484584
484585
484586
484587
484588
484589
484590
484591
484592
484593
484594
484595
484596
484597
484598
484599
484600
484601
484602
484603
484604
484605
484606
484607
484608
484609
484610
484611
484612
484613
484614
484615
484616
484617
484618
484619
484620
484621
484622
484623
484624
484625
484626
484627
484628
484629
484630
484631
484632
484633
484634
484635
484636
484637
484638
484639
484640
484641
484642
484643
484644
484645
484646
484647
484648
484649
484650
484651
484652
484653
484654
484655
484656
484657
484658
484659
484660
484661
484662
484663
484664
484665
484666
484667
484668
484669
484670
484671
484672
484673
484674
484675
484676
484677
484678
484679
484680
484681
484682
484683
484684
484685
484686
484687
484688
484689
484690
484691
484692
484693
484694
484695
484696
484697
484698
484699
484700
484701
484702
484703
484704
484705
484706
484707
484708
484709
484710
484711
484712
484713
484714
484715
484716
484717
484718
484719
484720
484721
484722
484723
484724
484725
484726
484727
484728
484729
484730
484731
484732
484733
484734
484735
484736
484737
484738
484739
484740
484741
484742
484743
484744
484745
484746
484747
484748
484749
484750
484751
484752
484753
484754
484755
484756
484757
484758
484759
484760
484761
484762
484763
484764
484765
484766
484767
484768
484769
484770
484771
484772
484773
484774
484775
484776
484777
484778
484779
484780
484781
484782
484783
484784
484785
484786
484787
484788
484789
484790
484791
484792
484793
484794
484795
484796
484797
484798
484799
484800
484801
484802
484803
484804
484805
484806
484807
484808
484809
484810
484811
484812
484813
484814
484815
484816
484817
484818
484819
484820
484821
484822
484823
484824
484825
484826
484827
484828
484829
484830
484831
484832
484833
484834
484835
484836
484837
484838
484839
484840
484841
484842
484843
484844
484845
484846
484847
484848
484849
484850
484851
484852
484853
484854
484855
484856
484857
484858
484859
484860
484861
484862
484863
484864
484865
484866
484867
484868
484869
484870
484871
484872
484873
484874
484875
484876
484877
484878
484879
484880
484881
484882
484883
484884
484885
484886
484887
484888
484889
484890
484891
484892
484893
484894
484895
484896
484897
484898
484899
484900
484901
484902
484903
484904
484905
484906
484907
484908
484909
484910
484911
484912
484913
484914
484915
484916
484917
484918
484919
484920
484921
484922
484923
484924
484925
484926
484927
484928
484929
484930
484931
484932
484933
484934
484935
484936
484937
484938
484939
484940
484941
484942
484943
484944
484945
484946
484947
484948
484949
484950
484951
484952
484953
484954
484955
484956
484957
484958
484959
484960
484961
484962
484963
484964
484965
484966
484967
484968
484969
484970
484971
484972
484973
484974
484975
484976
484977
484978
484979
484980
484981
484982
484983
484984
484985
484986
484987
484988
484989
484990
484991
484992
484993
484994
484995
484996
484997
484998
484999
485000
485001
485002
485003
485004
485005
485006
485007
485008
485009
485010
485011
485012
485013
485014
485015
485016
485017
485018
485019
485020
485021
485022
485023
485024
485025
485026
485027
485028
485029
485030
485031
485032
485033
485034
485035
485036
485037
485038
485039
485040
485041
485042
485043
485044
485045
485046
485047
485048
485049
485050
485051
485052
485053
485054
485055
485056
485057
485058
485059
485060
485061
485062
485063
485064
485065
485066
485067
485068
485069
485070
485071
485072
485073
485074
485075
485076
485077
485078
485079
485080
485081
485082
485083
485084
485085
485086
485087
485088
485089
485090
485091
485092
485093
485094
485095
485096
485097
485098
485099
485100
485101
485102
485103
485104
485105
485106
485107
485108
485109
485110
485111
485112
485113
485114
485115
485116
485117
485118
485119
485120
485121
485122
485123
485124
485125
485126
485127
485128
485129
485130
485131
485132
485133
485134
485135
485136
485137
485138
485139
485140
485141
485142
485143
485144
485145
485146
485147
485148
485149
485150
485151
485152
485153
485154
485155
485156
485157
485158
485159
485160
485161
485162
485163
485164
485165
485166
485167
485168
485169
485170
485171
485172
485173
485174
485175
485176
485177
485178
485179
485180
485181
485182
485183
485184
485185
485186
485187
485188
485189
485190
485191
485192
485193
485194
485195
485196
485197
485198
485199
485200
485201
485202
485203
485204
485205
485206
485207
485208
485209
485210
485211
485212
485213
485214
485215
485216
485217
485218
485219
485220
485221
485222
485223
485224
485225
485226
485227
485228
485229
485230
485231
485232
485233
485234
485235
485236
485237
485238
485239
485240
485241
485242
485243
485244
485245
485246
485247
485248
485249
485250
485251
485252
485253
485254
485255
485256
485257
485258
485259
485260
485261
485262
485263
485264
485265
485266
485267
485268
485269
485270
485271
485272
485273
485274
485275
485276
485277
485278
485279
485280
485281
485282
485283
485284
485285
485286
485287
485288
485289
485290
485291
485292
485293
485294
485295
485296
485297
485298
485299
485300
485301
485302
485303
485304
485305
485306
485307
485308
485309
485310
485311
485312
485313
485314
485315
485316
485317
485318
485319
485320
485321
485322
485323
485324
485325
485326
485327
485328
485329
485330
485331
485332
485333
485334
485335
485336
485337
485338
485339
485340
485341
485342
485343
485344
485345
485346
485347
485348
485349
485350
485351
485352
485353
485354
485355
485356
485357
485358
485359
485360
485361
485362
485363
485364
485365
485366
485367
485368
485369
485370
485371
485372
485373
485374
485375
485376
485377
485378
485379
485380
485381
485382
485383
485384
485385
485386
485387
485388
485389
485390
485391
485392
485393
485394
485395
485396
485397
485398
485399
485400
485401
485402
485403
485404
485405
485406
485407
485408
485409
485410
485411
485412
485413
485414
485415
485416
485417
485418
485419
485420
485421
485422
485423
485424
485425
485426
485427
485428
485429
485430
485431
485432
485433
485434
485435
485436
485437
485438
485439
485440
485441
485442
485443
485444
485445
485446
485447
485448
485449
485450
485451
485452
485453
485454
485455
485456
485457
485458
485459
485460
485461
485462
485463
485464
485465
485466
485467
485468
485469
485470
485471
485472
485473
485474
485475
485476
485477
485478
485479
485480
485481
485482
485483
485484
485485
485486
485487
485488
485489
485490
485491
485492
485493
485494
485495
485496
485497
485498
485499
485500
485501
485502
485503
485504
485505
485506
485507
485508
485509
485510
485511
485512
485513
485514
485515
485516
485517
485518
485519
485520
485521
485522
485523
485524
485525
485526
485527
485528
485529
485530
485531
485532
485533
485534
485535
485536
485537
485538
485539
485540
485541
485542
485543
485544
485545
485546
485547
485548
485549
485550
485551
485552
485553
485554
485555
485556
485557
485558
485559
485560
485561
485562
485563
485564
485565
485566
485567
485568
485569
485570
485571
485572
485573
485574
485575
485576
485577
485578
485579
485580
485581
485582
485583
485584
485585
485586
485587
485588
485589
485590
485591
485592
485593
485594
485595
485596
485597
485598
485599
485600
485601
485602
485603
485604
485605
485606
485607
485608
485609
485610
485611
485612
485613
485614
485615
485616
485617
485618
485619
485620
485621
485622
485623
485624
485625
485626
485627
485628
485629
485630
485631
485632
485633
485634
485635
485636
485637
485638
485639
485640
485641
485642
485643
485644
485645
485646
485647
485648
485649
485650
485651
485652
485653
485654
485655
485656
485657
485658
485659
485660
485661
485662
485663
485664
485665
485666
485667
485668
485669
485670
485671
485672
485673
485674
485675
485676
485677
485678
485679
485680
485681
485682
485683
485684
485685
485686
485687
485688
485689
485690
485691
485692
485693
485694
485695
485696
485697
485698
485699
485700
485701
485702
485703
485704
485705
485706
485707
485708
485709
485710
485711
485712
485713
485714
485715
485716
485717
485718
485719
485720
485721
485722
485723
485724
485725
485726
485727
485728
485729
485730
485731
485732
485733
485734
485735
485736
485737
485738
485739
485740
485741
485742
485743
485744
485745
485746
485747
485748
485749
485750
485751
485752
485753
485754
485755
485756
485757
485758
485759
485760
485761
485762
485763
485764
485765
485766
485767
485768
485769
485770
485771
485772
485773
485774
485775
485776
485777
485778
485779
485780
485781
485782
485783
485784
485785
485786
485787
485788
485789
485790
485791
485792
485793
485794
485795
485796
485797
485798
485799
485800
485801
485802
485803
485804
485805
485806
485807
485808
485809
485810
485811
485812
485813
485814
485815
485816
485817
485818
485819
485820
485821
485822
485823
485824
485825
485826
485827
485828
485829
485830
485831
485832
485833
485834
485835
485836
485837
485838
485839
485840
485841
485842
485843
485844
485845
485846
485847
485848
485849
485850
485851
485852
485853
485854
485855
485856
485857
485858
485859
485860
485861
485862
485863
485864
485865
485866
485867
485868
485869
485870
485871
485872
485873
485874
485875
485876
485877
485878
485879
485880
485881
485882
485883
485884
485885
485886
485887
485888
485889
485890
485891
485892
485893
485894
485895
485896
485897
485898
485899
485900
485901
485902
485903
485904
485905
485906
485907
485908
485909
485910
485911
485912
485913
485914
485915
485916
485917
485918
485919
485920
485921
485922
485923
485924
485925
485926
485927
485928
485929
485930
485931
485932
485933
485934
485935
485936
485937
485938
485939
485940
485941
485942
485943
485944
485945
485946
485947
485948
485949
485950
485951
485952
485953
485954
485955
485956
485957
485958
485959
485960
485961
485962
485963
485964
485965
485966
485967
485968
485969
485970
485971
485972
485973
485974
485975
485976
485977
485978
485979
485980
485981
485982
485983
485984
485985
485986
485987
485988
485989
485990
485991
485992
485993
485994
485995
485996
485997
485998
485999
486000
486001
486002
486003
486004
486005
486006
486007
486008
486009
486010
486011
486012
486013
486014
486015
486016
486017
486018
486019
486020
486021
486022
486023
486024
486025
486026
486027
486028
486029
486030
486031
486032
486033
486034
486035
486036
486037
486038
486039
486040
486041
486042
486043
486044
486045
486046
486047
486048
486049
486050
486051
486052
486053
486054
486055
486056
486057
486058
486059
486060
486061
486062
486063
486064
486065
486066
486067
486068
486069
486070
486071
486072
486073
486074
486075
486076
486077
486078
486079
486080
486081
486082
486083
486084
486085
486086
486087
486088
486089
486090
486091
486092
486093
486094
486095
486096
486097
486098
486099
486100
486101
486102
486103
486104
486105
486106
486107
486108
486109
486110
486111
486112
486113
486114
486115
486116
486117
486118
486119
486120
486121
486122
486123
486124
486125
486126
486127
486128
486129
486130
486131
486132
486133
486134
486135
486136
486137
486138
486139
486140
486141
486142
486143
486144
486145
486146
486147
486148
486149
486150
486151
486152
486153
486154
486155
486156
486157
486158
486159
486160
486161
486162
486163
486164
486165
486166
486167
486168
486169
486170
486171
486172
486173
486174
486175
486176
486177
486178
486179
486180
486181
486182
486183
486184
486185
486186
486187
486188
486189
486190
486191
486192
486193
486194
486195
486196
486197
486198
486199
486200
486201
486202
486203
486204
486205
486206
486207
486208
486209
486210
486211
486212
486213
486214
486215
486216
486217
486218
486219
486220
486221
486222
486223
486224
486225
486226
486227
486228
486229
486230
486231
486232
486233
486234
486235
486236
486237
486238
486239
486240
486241
486242
486243
486244
486245
486246
486247
486248
486249
486250
486251
486252
486253
486254
486255
486256
486257
486258
486259
486260
486261
486262
486263
486264
486265
486266
486267
486268
486269
486270
486271
486272
486273
486274
486275
486276
486277
486278
486279
486280
486281
486282
486283
486284
486285
486286
486287
486288
486289
486290
486291
486292
486293
486294
486295
486296
486297
486298
486299
486300
486301
486302
486303
486304
486305
486306
486307
486308
486309
486310
486311
486312
486313
486314
486315
486316
486317
486318
486319
486320
486321
486322
486323
486324
486325
486326
486327
486328
486329
486330
486331
486332
486333
486334
486335
486336
486337
486338
486339
486340
486341
486342
486343
486344
486345
486346
486347
486348
486349
486350
486351
486352
486353
486354
486355
486356
486357
486358
486359
486360
486361
486362
486363
486364
486365
486366
486367
486368
486369
486370
486371
486372
486373
486374
486375
486376
486377
486378
486379
486380
486381
486382
486383
486384
486385
486386
486387
486388
486389
486390
486391
486392
486393
486394
486395
486396
486397
486398
486399
486400
486401
486402
486403
486404
486405
486406
486407
486408
486409
486410
486411
486412
486413
486414
486415
486416
486417
486418
486419
486420
486421
486422
486423
486424
486425
486426
486427
486428
486429
486430
486431
486432
486433
486434
486435
486436
486437
486438
486439
486440
486441
486442
486443
486444
486445
486446
486447
486448
486449
486450
486451
486452
486453
486454
486455
486456
486457
486458
486459
486460
486461
486462
486463
486464
486465
486466
486467
486468
486469
486470
486471
486472
486473
486474
486475
486476
486477
486478
486479
486480
486481
486482
486483
486484
486485
486486
486487
486488
486489
486490
486491
486492
486493
486494
486495
486496
486497
486498
486499
486500
486501
486502
486503
486504
486505
486506
486507
486508
486509
486510
486511
486512
486513
486514
486515
486516
486517
486518
486519
486520
486521
486522
486523
486524
486525
486526
486527
486528
486529
486530
486531
486532
486533
486534
486535
486536
486537
486538
486539
486540
486541
486542
486543
486544
486545
486546
486547
486548
486549
486550
486551
486552
486553
486554
486555
486556
486557
486558
486559
486560
486561
486562
486563
486564
486565
486566
486567
486568
486569
486570
486571
486572
486573
486574
486575
486576
486577
486578
486579
486580
486581
486582
486583
486584
486585
486586
486587
486588
486589
486590
486591
486592
486593
486594
486595
486596
486597
486598
486599
486600
486601
486602
486603
486604
486605
486606
486607
486608
486609
486610
486611
486612
486613
486614
486615
486616
486617
486618
486619
486620
486621
486622
486623
486624
486625
486626
486627
486628
486629
486630
486631
486632
486633
486634
486635
486636
486637
486638
486639
486640
486641
486642
486643
486644
486645
486646
486647
486648
486649
486650
486651
486652
486653
486654
486655
486656
486657
486658
486659
486660
486661
486662
486663
486664
486665
486666
486667
486668
486669
486670
486671
486672
486673
486674
486675
486676
486677
486678
486679
486680
486681
486682
486683
486684
486685
486686
486687
486688
486689
486690
486691
486692
486693
486694
486695
486696
486697
486698
486699
486700
486701
486702
486703
486704
486705
486706
486707
486708
486709
486710
486711
486712
486713
486714
486715
486716
486717
486718
486719
486720
486721
486722
486723
486724
486725
486726
486727
486728
486729
486730
486731
486732
486733
486734
486735
486736
486737
486738
486739
486740
486741
486742
486743
486744
486745
486746
486747
486748
486749
486750
486751
486752
486753
486754
486755
486756
486757
486758
486759
486760
486761
486762
486763
486764
486765
486766
486767
486768
486769
486770
486771
486772
486773
486774
486775
486776
486777
486778
486779
486780
486781
486782
486783
486784
486785
486786
486787
486788
486789
486790
486791
486792
486793
486794
486795
486796
486797
486798
486799
486800
486801
486802
486803
486804
486805
486806
486807
486808
486809
486810
486811
486812
486813
486814
486815
486816
486817
486818
486819
486820
486821
486822
486823
486824
486825
486826
486827
486828
486829
486830
486831
486832
486833
486834
486835
486836
486837
486838
486839
486840
486841
486842
486843
486844
486845
486846
486847
486848
486849
486850
486851
486852
486853
486854
486855
486856
486857
486858
486859
486860
486861
486862
486863
486864
486865
486866
486867
486868
486869
486870
486871
486872
486873
486874
486875
486876
486877
486878
486879
486880
486881
486882
486883
486884
486885
486886
486887
486888
486889
486890
486891
486892
486893
486894
486895
486896
486897
486898
486899
486900
486901
486902
486903
486904
486905
486906
486907
486908
486909
486910
486911
486912
486913
486914
486915
486916
486917
486918
486919
486920
486921
486922
486923
486924
486925
486926
486927
486928
486929
486930
486931
486932
486933
486934
486935
486936
486937
486938
486939
486940
486941
486942
486943
486944
486945
486946
486947
486948
486949
486950
486951
486952
486953
486954
486955
486956
486957
486958
486959
486960
486961
486962
486963
486964
486965
486966
486967
486968
486969
486970
486971
486972
486973
486974
486975
486976
486977
486978
486979
486980
486981
486982
486983
486984
486985
486986
486987
486988
486989
486990
486991
486992
486993
486994
486995
486996
486997
486998
486999
487000
487001
487002
487003
487004
487005
487006
487007
487008
487009
487010
487011
487012
487013
487014
487015
487016
487017
487018
487019
487020
487021
487022
487023
487024
487025
487026
487027
487028
487029
487030
487031
487032
487033
487034
487035
487036
487037
487038
487039
487040
487041
487042
487043
487044
487045
487046
487047
487048
487049
487050
487051
487052
487053
487054
487055
487056
487057
487058
487059
487060
487061
487062
487063
487064
487065
487066
487067
487068
487069
487070
487071
487072
487073
487074
487075
487076
487077
487078
487079
487080
487081
487082
487083
487084
487085
487086
487087
487088
487089
487090
487091
487092
487093
487094
487095
487096
487097
487098
487099
487100
487101
487102
487103
487104
487105
487106
487107
487108
487109
487110
487111
487112
487113
487114
487115
487116
487117
487118
487119
487120
487121
487122
487123
487124
487125
487126
487127
487128
487129
487130
487131
487132
487133
487134
487135
487136
487137
487138
487139
487140
487141
487142
487143
487144
487145
487146
487147
487148
487149
487150
487151
487152
487153
487154
487155
487156
487157
487158
487159
487160
487161
487162
487163
487164
487165
487166
487167
487168
487169
487170
487171
487172
487173
487174
487175
487176
487177
487178
487179
487180
487181
487182
487183
487184
487185
487186
487187
487188
487189
487190
487191
487192
487193
487194
487195
487196
487197
487198
487199
487200
487201
487202
487203
487204
487205
487206
487207
487208
487209
487210
487211
487212
487213
487214
487215
487216
487217
487218
487219
487220
487221
487222
487223
487224
487225
487226
487227
487228
487229
487230
487231
487232
487233
487234
487235
487236
487237
487238
487239
487240
487241
487242
487243
487244
487245
487246
487247
487248
487249
487250
487251
487252
487253
487254
487255
487256
487257
487258
487259
487260
487261
487262
487263
487264
487265
487266
487267
487268
487269
487270
487271
487272
487273
487274
487275
487276
487277
487278
487279
487280
487281
487282
487283
487284
487285
487286
487287
487288
487289
487290
487291
487292
487293
487294
487295
487296
487297
487298
487299
487300
487301
487302
487303
487304
487305
487306
487307
487308
487309
487310
487311
487312
487313
487314
487315
487316
487317
487318
487319
487320
487321
487322
487323
487324
487325
487326
487327
487328
487329
487330
487331
487332
487333
487334
487335
487336
487337
487338
487339
487340
487341
487342
487343
487344
487345
487346
487347
487348
487349
487350
487351
487352
487353
487354
487355
487356
487357
487358
487359
487360
487361
487362
487363
487364
487365
487366
487367
487368
487369
487370
487371
487372
487373
487374
487375
487376
487377
487378
487379
487380
487381
487382
487383
487384
487385
487386
487387
487388
487389
487390
487391
487392
487393
487394
487395
487396
487397
487398
487399
487400
487401
487402
487403
487404
487405
487406
487407
487408
487409
487410
487411
487412
487413
487414
487415
487416
487417
487418
487419
487420
487421
487422
487423
487424
487425
487426
487427
487428
487429
487430
487431
487432
487433
487434
487435
487436
487437
487438
487439
487440
487441
487442
487443
487444
487445
487446
487447
487448
487449
487450
487451
487452
487453
487454
487455
487456
487457
487458
487459
487460
487461
487462
487463
487464
487465
487466
487467
487468
487469
487470
487471
487472
487473
487474
487475
487476
487477
487478
487479
487480
487481
487482
487483
487484
487485
487486
487487
487488
487489
487490
487491
487492
487493
487494
487495
487496
487497
487498
487499
487500
487501
487502
487503
487504
487505
487506
487507
487508
487509
487510
487511
487512
487513
487514
487515
487516
487517
487518
487519
487520
487521
487522
487523
487524
487525
487526
487527
487528
487529
487530
487531
487532
487533
487534
487535
487536
487537
487538
487539
487540
487541
487542
487543
487544
487545
487546
487547
487548
487549
487550
487551
487552
487553
487554
487555
487556
487557
487558
487559
487560
487561
487562
487563
487564
487565
487566
487567
487568
487569
487570
487571
487572
487573
487574
487575
487576
487577
487578
487579
487580
487581
487582
487583
487584
487585
487586
487587
487588
487589
487590
487591
487592
487593
487594
487595
487596
487597
487598
487599
487600
487601
487602
487603
487604
487605
487606
487607
487608
487609
487610
487611
487612
487613
487614
487615
487616
487617
487618
487619
487620
487621
487622
487623
487624
487625
487626
487627
487628
487629
487630
487631
487632
487633
487634
487635
487636
487637
487638
487639
487640
487641
487642
487643
487644
487645
487646
487647
487648
487649
487650
487651
487652
487653
487654
487655
487656
487657
487658
487659
487660
487661
487662
487663
487664
487665
487666
487667
487668
487669
487670
487671
487672
487673
487674
487675
487676
487677
487678
487679
487680
487681
487682
487683
487684
487685
487686
487687
487688
487689
487690
487691
487692
487693
487694
487695
487696
487697
487698
487699
487700
487701
487702
487703
487704
487705
487706
487707
487708
487709
487710
487711
487712
487713
487714
487715
487716
487717
487718
487719
487720
487721
487722
487723
487724
487725
487726
487727
487728
487729
487730
487731
487732
487733
487734
487735
487736
487737
487738
487739
487740
487741
487742
487743
487744
487745
487746
487747
487748
487749
487750
487751
487752
487753
487754
487755
487756
487757
487758
487759
487760
487761
487762
487763
487764
487765
487766
487767
487768
487769
487770
487771
487772
487773
487774
487775
487776
487777
487778
487779
487780
487781
487782
487783
487784
487785
487786
487787
487788
487789
487790
487791
487792
487793
487794
487795
487796
487797
487798
487799
487800
487801
487802
487803
487804
487805
487806
487807
487808
487809
487810
487811
487812
487813
487814
487815
487816
487817
487818
487819
487820
487821
487822
487823
487824
487825
487826
487827
487828
487829
487830
487831
487832
487833
487834
487835
487836
487837
487838
487839
487840
487841
487842
487843
487844
487845
487846
487847
487848
487849
487850
487851
487852
487853
487854
487855
487856
487857
487858
487859
487860
487861
487862
487863
487864
487865
487866
487867
487868
487869
487870
487871
487872
487873
487874
487875
487876
487877
487878
487879
487880
487881
487882
487883
487884
487885
487886
487887
487888
487889
487890
487891
487892
487893
487894
487895
487896
487897
487898
487899
487900
487901
487902
487903
487904
487905
487906
487907
487908
487909
487910
487911
487912
487913
487914
487915
487916
487917
487918
487919
487920
487921
487922
487923
487924
487925
487926
487927
487928
487929
487930
487931
487932
487933
487934
487935
487936
487937
487938
487939
487940
487941
487942
487943
487944
487945
487946
487947
487948
487949
487950
487951
487952
487953
487954
487955
487956
487957
487958
487959
487960
487961
487962
487963
487964
487965
487966
487967
487968
487969
487970
487971
487972
487973
487974
487975
487976
487977
487978
487979
487980
487981
487982
487983
487984
487985
487986
487987
487988
487989
487990
487991
487992
487993
487994
487995
487996
487997
487998
487999
488000
488001
488002
488003
488004
488005
488006
488007
488008
488009
488010
488011
488012
488013
488014
488015
488016
488017
488018
488019
488020
488021
488022
488023
488024
488025
488026
488027
488028
488029
488030
481307
481308
481309
481310
481311
481312
481313
481314
481315
481316
481317
481318
481319
481320
481321
481322
481323
481324
481325
481326
481327
)


// ************************************************************************* //
