/*--------------------------------*- C++ -*----------------------------------*\
| =========                 |                                                 |
| \\      /  F ield         | OpenFOAM: The Open Source CFD Toolbox           |
|  \\    /   O peration     | Version:  2412                                  |
|   \\  /    A nd           | Website:  www.openfoam.com                      |
|    \\/     M anipulation  |                                                 |
\*---------------------------------------------------------------------------*/
FoamFile
{
    version     2.0;
    format      binary;
    arch        "LSB;label=32;scalar=64";
    class       faceSet;
    location    "constant/polyMesh/sets";
    object      inletFaceSet;
}
// * * * * * * * * * * * * * * * * * * * * * * * * * * * * * * * * * * * * * //


3480
(
475136
475137
475138
475139
475140
475141
475142
475143
475144
475145
475146
475147
475148
475149
475150
475151
475152
475153
475154
475155
475156
475157
475158
475159
475160
475161
475162
475163
475164
475165
475166
475167
475168
475169
475170
475171
475172
475173
475174
475175
475176
475177
475178
475179
475180
475181
475182
475183
475184
475185
475186
475187
475188
475189
475190
475191
475192
475193
475194
475195
475196
475197
475198
475199
475200
475201
475202
475203
475204
475205
475206
475207
475208
475209
475210
475211
475212
475213
475214
475215
475216
475217
475218
475219
475220
475221
475222
475223
475224
475225
475226
475227
475228
475229
475230
475231
475232
475233
475234
475235
475236
475237
475238
475239
475240
475241
475242
475243
475244
475245
475246
475247
475248
475249
475250
475251
475252
475253
475254
475255
475256
475257
475258
475259
475260
475261
475262
475263
475264
475265
475266
475267
475268
475269
475270
475271
475272
475273
475274
475275
475276
475277
475278
475279
475280
475281
475282
475283
475284
475285
475286
475287
475288
475289
475290
475291
475292
475293
475294
475295
475296
475297
475298
475299
475300
475301
475302
475303
475304
475305
475306
475307
475308
475309
475310
475311
475312
475313
475314
475315
475316
475317
475318
475319
475320
475321
475322
475323
475324
475325
475326
475327
475328
475329
475330
475331
475332
475333
475334
475335
475336
475337
475338
475339
475340
475341
475342
475343
475344
475345
475346
475347
475348
475349
475350
475351
475352
475353
475354
475355
475356
475357
475358
475359
475360
475361
475362
475363
475364
475365
475366
475367
475368
475369
475370
475371
475372
475373
475374
475375
475376
475377
475378
475379
475380
475381
475382
475383
475384
475385
475386
475387
475388
475389
475390
475391
475392
475393
475394
475395
475396
475397
475398
475399
475400
475401
475402
475403
475404
475405
475406
475407
475408
475409
475410
475411
475412
475413
475414
475415
475416
475417
475418
475419
475420
475421
475422
475423
475424
475425
475426
475427
475428
475429
475430
475431
475432
475433
475434
475435
475436
475437
475438
475439
475440
475441
475442
475443
475444
475445
475446
475447
475448
475449
475450
475451
475452
475453
475454
475455
475456
475457
475458
475459
475460
475461
475462
475463
475464
475465
475466
475467
475468
475469
475470
475471
475472
475473
475474
475475
475476
475477
475478
475479
475480
475481
475482
475483
475484
475485
475486
475487
475488
475489
475490
475491
475492
475493
475494
475495
475496
475497
475498
475499
475500
475501
475502
475503
475504
475505
475506
475507
475508
475509
475510
475511
475512
475513
475514
475515
475516
475517
475518
475519
475520
475521
475522
475523
475524
475525
475526
475527
475528
475529
475530
475531
475532
475533
475534
475535
475536
475537
475538
475539
475540
475541
475542
475543
475544
475545
475546
475547
475548
475549
475550
475551
475552
475553
475554
475555
475556
475557
475558
475559
475560
475561
475562
475563
475564
475565
475566
475567
475568
475569
475570
475571
475572
475573
475574
475575
475576
475577
475578
475579
475580
475581
475582
475583
475584
475585
475586
475587
475588
475589
475590
475591
475592
475593
475594
475595
475596
475597
475598
475599
475600
475601
475602
475603
475604
475605
475606
475607
475608
475609
475610
475611
475612
475613
475614
475615
475616
475617
475618
475619
475620
475621
475622
475623
475624
475625
475626
475627
475628
475629
475630
475631
475632
475633
475634
475635
475636
475637
475638
475639
475640
475641
475642
475643
475644
475645
475646
475647
475648
475649
475650
475651
475652
475653
475654
475655
475656
475657
475658
475659
475660
475661
475662
475663
475664
475665
475666
475667
475668
475669
475670
475671
475672
475673
475674
475675
475676
475677
475678
475679
475680
475681
475682
475683
475684
475685
475686
475687
475688
475689
475690
475691
475692
475693
475694
475695
475696
475697
475698
475699
475700
475701
475702
475703
475704
475705
475706
475707
475708
475709
475710
475711
475712
475713
475714
475715
475716
475717
475718
475719
475720
475721
475722
475723
475724
475725
475726
475727
475728
475729
475730
475731
475732
475733
475734
475735
475736
475737
475738
475739
475740
475741
475742
475743
475744
475745
475746
475747
475748
475749
475750
475751
475752
475753
475754
475755
475756
475757
475758
475759
475760
475761
475762
475763
475764
475765
475766
475767
475768
475769
475770
475771
475772
475773
475774
475775
475776
475777
475778
475779
475780
475781
475782
475783
475784
475785
475786
475787
475788
475789
475790
475791
475792
475793
475794
475795
475796
475797
475798
475799
475800
475801
475802
475803
475804
475805
475806
475807
475808
475809
475810
475811
475812
475813
475814
475815
475816
475817
475818
475819
475820
475821
475822
475823
475824
475825
475826
475827
475828
475829
475830
475831
475832
475833
475834
475835
475836
475837
475838
475839
475840
475841
475842
475843
475844
475845
475846
475847
475848
475849
475850
475851
475852
475853
475854
475855
475856
475857
475858
475859
475860
475861
475862
475863
475864
475865
475866
475867
475868
475869
475870
475871
475872
475873
475874
475875
475876
475877
475878
475879
475880
475881
475882
475883
475884
475885
475886
475887
475888
475889
475890
475891
475892
475893
475894
475895
475896
475897
475898
475899
475900
475901
475902
475903
475904
475905
475906
475907
475908
475909
475910
475911
475912
475913
475914
475915
475916
475917
475918
475919
475920
475921
475922
475923
475924
475925
475926
475927
475928
475929
475930
475931
475932
475933
475934
475935
475936
475937
475938
475939
475940
475941
475942
475943
475944
475945
475946
475947
475948
475949
475950
475951
475952
475953
475954
475955
475956
475957
475958
475959
475960
475961
475962
475963
475964
475965
475966
475967
475968
475969
475970
475971
475972
475973
475974
475975
475976
475977
475978
475979
475980
475981
475982
475983
475984
475985
475986
475987
475988
475989
475990
475991
475992
475993
475994
475995
475996
475997
475998
475999
476000
476001
476002
476003
476004
476005
476006
476007
476008
476009
476010
476011
476012
476013
476014
476015
476016
476017
476018
476019
476020
476021
476022
476023
476024
476025
476026
476027
476028
476029
476030
476031
476032
476033
476034
476035
476036
476037
476038
476039
476040
476041
476042
476043
476044
476045
476046
476047
476048
476049
476050
476051
476052
476053
476054
476055
476056
476057
476058
476059
476060
476061
476062
476063
476064
476065
476066
476067
476068
476069
476070
476071
476072
476073
476074
476075
476076
476077
476078
476079
476080
476081
476082
476083
476084
476085
476086
476087
476088
476089
476090
476091
476092
476093
476094
476095
476096
476097
476098
476099
476100
476101
476102
476103
472624
472625
472626
472627
472628
472629
472630
472631
472632
472633
472634
472635
472636
472637
472638
472639
472640
472641
472642
472643
472644
472645
472646
472647
472648
472649
472650
472651
472652
472653
472654
472655
472656
472657
472658
472659
472660
472661
472662
472663
472664
472665
472666
472667
472668
472669
472670
472671
472672
472673
472674
472675
472676
472677
472678
472679
472680
472681
472682
472683
472684
472685
472686
472687
472688
472689
472690
472691
472692
472693
472694
472695
472696
472697
472698
472699
472700
472701
472702
472703
472704
472705
472706
472707
472708
472709
472710
472711
472712
472713
472714
472715
472716
472717
472718
472719
472720
472721
472722
472723
472724
472725
472726
472727
472728
472729
472730
472731
472732
472733
472734
472735
472736
472737
472738
472739
472740
472741
472742
472743
472744
472745
472746
472747
472748
472749
472750
472751
472752
472753
472754
472755
472756
472757
472758
472759
472760
472761
472762
472763
472764
472765
472766
472767
472768
472769
472770
472771
472772
472773
472774
472775
472776
472777
472778
472779
472780
472781
472782
472783
472784
472785
472786
472787
472788
472789
472790
472791
472792
472793
472794
472795
472796
472797
472798
472799
472800
472801
472802
472803
472804
472805
472806
472807
472808
472809
472810
472811
472812
472813
472814
472815
472816
472817
472818
472819
472820
472821
472822
472823
472824
472825
472826
472827
472828
472829
472830
472831
472832
472833
472834
472835
472836
472837
472838
472839
472840
472841
472842
472843
472844
472845
472846
472847
472848
472849
472850
472851
472852
472853
472854
472855
472856
472857
472858
472859
472860
472861
472862
472863
472864
472865
472866
472867
472868
472869
472870
472871
472872
472873
472874
472875
472876
472877
472878
472879
472880
472881
472882
472883
472884
472885
472886
472887
472888
472889
472890
472891
472892
472893
472894
472895
472896
472897
472898
472899
472900
472901
472902
472903
472904
472905
472906
472907
472908
472909
472910
472911
472912
472913
472914
472915
472916
472917
472918
472919
472920
472921
472922
472923
472924
472925
472926
472927
472928
472929
472930
472931
472932
472933
472934
472935
472936
472937
472938
472939
472940
472941
472942
472943
472944
472945
472946
472947
472948
472949
472950
472951
472952
472953
472954
472955
472956
472957
472958
472959
472960
472961
472962
472963
472964
472965
472966
472967
472968
472969
472970
472971
472972
472973
472974
472975
472976
472977
472978
472979
472980
472981
472982
472983
472984
472985
472986
472987
472988
472989
472990
472991
472992
472993
472994
472995
472996
472997
472998
472999
473000
473001
473002
473003
473004
473005
473006
473007
473008
473009
473010
473011
473012
473013
473014
473015
473016
473017
473018
473019
473020
473021
473022
473023
473024
473025
473026
473027
473028
473029
473030
473031
473032
473033
473034
473035
473036
473037
473038
473039
473040
473041
473042
473043
473044
473045
473046
473047
473048
473049
473050
473051
473052
473053
473054
473055
473056
473057
473058
473059
473060
473061
473062
473063
473064
473065
473066
473067
473068
473069
473070
473071
473072
473073
473074
473075
473076
473077
473078
473079
473080
473081
473082
473083
473084
473085
473086
473087
473088
473089
473090
473091
473092
473093
473094
473095
473096
473097
473098
473099
473100
473101
473102
473103
473104
473105
473106
473107
473108
473109
473110
473111
473112
473113
473114
473115
473116
473117
473118
473119
473120
473121
473122
473123
473124
473125
473126
473127
473128
473129
473130
473131
473132
473133
473134
473135
473136
473137
473138
473139
473140
473141
473142
473143
473144
473145
473146
473147
473148
473149
473150
473151
473152
473153
473154
473155
473156
473157
473158
473159
473160
473161
473162
473163
473164
473165
473166
473167
473168
473169
473170
473171
473172
473173
473174
473175
473176
473177
473178
473179
473180
473181
473182
473183
473184
473185
473186
473187
473188
473189
473190
473191
473192
473193
473194
473195
473196
473197
473198
473199
473200
473201
473202
473203
473204
473205
473206
473207
473208
473209
473210
473211
473212
473213
473214
473215
473216
473217
473218
473219
473220
473221
473222
473223
473224
473225
473226
473227
473228
473229
473230
473231
473232
473233
473234
473235
473236
473237
473238
473239
473240
473241
473242
473243
473244
473245
473246
473247
473248
473249
473250
473251
473252
473253
473254
473255
473256
473257
473258
473259
473260
473261
473262
473263
473264
473265
473266
473267
473268
473269
473270
473271
473272
473273
473274
473275
473276
473277
473278
473279
473280
473281
473282
473283
473284
473285
473286
473287
473288
473289
473290
473291
473292
473293
473294
473295
473296
473297
473298
473299
473300
473301
473302
473303
473304
473305
473306
473307
473308
473309
473310
473311
473312
473313
473314
473315
473316
473317
473318
473319
473320
473321
473322
473323
473324
473325
473326
473327
473328
473329
473330
473331
473332
473333
473334
473335
473336
473337
473338
473339
473340
473341
473342
473343
473344
473345
473346
473347
473348
473349
473350
473351
473352
473353
473354
473355
473356
473357
473358
473359
473360
473361
473362
473363
473364
473365
473366
473367
473368
473369
473370
473371
473372
473373
473374
473375
473376
473377
473378
473379
473380
473381
473382
473383
473384
473385
473386
473387
473388
473389
473390
473391
473392
473393
473394
473395
473396
473397
473398
473399
473400
473401
473402
473403
473404
473405
473406
473407
473408
473409
473410
473411
473412
473413
473414
473415
473416
473417
473418
473419
473420
473421
473422
473423
473424
473425
473426
473427
473428
473429
473430
473431
473432
473433
473434
473435
473436
473437
473438
473439
473440
473441
473442
473443
473444
473445
473446
473447
473448
473449
473450
473451
473452
473453
473454
473455
473456
473457
473458
473459
473460
473461
473462
473463
473464
473465
473466
473467
473468
473469
473470
473471
473472
473473
473474
473475
473476
473477
473478
473479
473480
473481
473482
473483
473484
473485
473486
473487
473488
473489
473490
473491
473492
473493
473494
473495
473496
473497
473498
473499
473500
473501
473502
473503
473504
473505
473506
473507
473508
473509
473510
473511
473512
473513
473514
473515
473516
473517
473518
473519
473520
473521
473522
473523
473524
473525
473526
473527
473528
473529
473530
473531
473532
473533
473534
473535
473536
473537
473538
473539
473540
473541
473542
473543
473544
473545
473546
473547
473548
473549
473550
473551
473552
473553
473554
473555
473556
473557
473558
473559
473560
473561
473562
473563
473564
473565
473566
473567
473568
473569
473570
473571
473572
473573
473574
473575
473576
473577
473578
473579
473580
473581
473582
473583
473584
473585
473586
473587
473588
473589
473590
473591
473592
473593
473594
473595
473596
473597
473598
473599
473600
473601
473602
473603
473604
473605
473606
473607
473608
473609
473610
473611
473612
473613
473614
473615
473616
473617
473618
473619
473620
473621
473622
473623
473624
473625
473626
473627
473628
473629
473630
473631
473632
473633
473634
473635
473636
473637
473638
473639
473640
473641
473642
473643
473644
473645
473646
473647
473648
473649
473650
473651
473652
473653
473654
473655
473656
473657
473658
473659
473660
473661
473662
473663
473664
473665
473666
473667
473668
473669
473670
473671
473672
473673
473674
473675
473676
473677
473678
473679
473680
473681
473682
473683
473684
473685
473686
473687
473688
473689
473690
473691
473692
473693
473694
473695
473696
473697
473698
473699
473700
473701
473702
473703
473704
473705
473706
473707
473708
473709
473710
473711
473712
473713
473714
473715
473716
473717
473718
473719
473720
473721
473722
473723
473724
473725
473726
473727
473728
473729
473730
473731
473732
473733
473734
473735
473736
473737
473738
473739
473740
473741
473742
473743
473744
473745
473746
473747
473748
473749
473750
473751
473752
473753
473754
473755
473756
473757
473758
473759
473760
473761
473762
473763
473764
473765
473766
473767
473768
473769
473770
473771
473772
473773
473774
473775
473776
473777
473778
473779
473780
473781
473782
473783
473784
473785
473786
473787
473788
473789
473790
473791
473792
473793
473794
473795
473796
473797
473798
473799
473800
473801
473802
473803
473804
473805
473806
473807
473808
473809
473810
473811
473812
473813
473814
473815
473816
473817
473818
473819
473820
473821
473822
473823
473824
473825
473826
473827
473828
473829
473830
473831
473832
473833
473834
473835
473836
473837
473838
473839
473840
473841
473842
473843
473844
473845
473846
473847
473848
473849
473850
473851
473852
473853
473854
473855
473856
473857
473858
473859
473860
473861
473862
473863
473864
473865
473866
473867
473868
473869
473870
473871
473872
473873
473874
473875
473876
473877
473878
473879
473880
473881
473882
473883
473884
473885
473886
473887
473888
473889
473890
473891
473892
473893
473894
473895
473896
473897
473898
473899
473900
473901
473902
473903
473904
473905
473906
473907
473908
473909
473910
473911
473912
473913
473914
473915
473916
473917
473918
473919
473920
473921
473922
473923
473924
473925
473926
473927
473928
473929
473930
473931
473932
473933
473934
473935
473936
473937
473938
473939
473940
473941
473942
473943
473944
473945
473946
473947
473948
473949
473950
473951
473952
473953
473954
473955
473956
473957
473958
473959
473960
473961
473962
473963
473964
473965
473966
473967
473968
473969
473970
473971
473972
473973
473974
473975
473976
473977
473978
473979
473980
473981
473982
473983
473984
473985
473986
473987
473988
473989
473990
473991
473992
473993
473994
473995
473996
473997
473998
473999
474000
474001
474002
474003
474004
474005
474006
474007
474008
474009
474010
474011
474012
474013
474014
474015
474016
474017
474018
474019
474020
474021
474022
474023
474024
474025
474026
474027
474028
474029
474030
474031
474032
474033
474034
474035
474036
474037
474038
474039
474040
474041
474042
474043
474044
474045
474046
474047
474048
474049
474050
474051
474052
474053
474054
474055
474056
474057
474058
474059
474060
474061
474062
474063
474064
474065
474066
474067
474068
474069
474070
474071
474072
474073
474074
474075
474076
474077
474078
474079
474080
474081
474082
474083
474084
474085
474086
474087
474088
474089
474090
474091
474092
474093
474094
474095
474096
474097
474098
474099
474100
474101
474102
474103
474104
474105
474106
474107
474108
474109
474110
474111
474112
474113
474114
474115
474116
474117
474118
474119
474120
474121
474122
474123
474124
474125
474126
474127
474128
474129
474130
474131
474132
474133
474134
474135
474136
474137
474138
474139
474140
474141
474142
474143
474144
474145
474146
474147
474148
474149
474150
474151
474152
474153
474154
474155
474156
474157
474158
474159
474160
474161
474162
474163
474164
474165
474166
474167
474168
474169
474170
474171
474172
474173
474174
474175
474176
474177
474178
474179
474180
474181
474182
474183
474184
474185
474186
474187
474188
474189
474190
474191
474192
474193
474194
474195
474196
474197
474198
474199
474200
474201
474202
474203
474204
474205
474206
474207
474208
474209
474210
474211
474212
474213
474214
474215
474216
474217
474218
474219
474220
474221
474222
474223
474224
474225
474226
474227
474228
474229
474230
474231
474232
474233
474234
474235
474236
474237
474238
474239
474240
474241
474242
474243
474244
474245
474246
474247
474248
474249
474250
474251
474252
474253
474254
474255
474256
474257
474258
474259
474260
474261
474262
474263
474264
474265
474266
474267
474268
474269
474270
474271
474272
474273
474274
474275
474276
474277
474278
474279
474280
474281
474282
474283
474284
474285
474286
474287
474288
474289
474290
474291
474292
474293
474294
474295
474296
474297
474298
474299
474300
474301
474302
474303
474304
474305
474306
474307
474308
474309
474310
474311
474312
474313
474314
474315
474316
474317
474318
474319
474320
474321
474322
474323
474324
474325
474326
474327
474328
474329
474330
474331
474332
474333
474334
474335
474336
474337
474338
474339
474340
474341
474342
474343
474344
474345
474346
474347
474348
474349
474350
474351
474352
474353
474354
474355
474356
474357
474358
474359
474360
474361
474362
474363
474364
474365
474366
474367
474368
474369
474370
474371
474372
474373
474374
474375
474376
474377
474378
474379
474380
474381
474382
474383
474384
474385
474386
474387
474388
474389
474390
474391
474392
474393
474394
474395
474396
474397
474398
474399
474400
474401
474402
474403
474404
474405
474406
474407
474408
474409
474410
474411
474412
474413
474414
474415
474416
474417
474418
474419
474420
474421
474422
474423
474424
474425
474426
474427
474428
474429
474430
474431
474432
474433
474434
474435
474436
474437
474438
474439
474440
474441
474442
474443
474444
474445
474446
474447
474448
474449
474450
474451
474452
474453
474454
474455
474456
474457
474458
474459
474460
474461
474462
474463
474464
474465
474466
474467
474468
474469
474470
474471
474472
474473
474474
474475
474476
474477
474478
474479
474480
474481
474482
474483
474484
474485
474486
474487
474488
474489
474490
474491
474492
474493
474494
474495
474496
474497
474498
474499
474500
474501
474502
474503
474504
474505
474506
474507
474508
474509
474510
474511
474512
474513
474514
474515
474516
474517
474518
474519
474520
474521
474522
474523
474524
474525
474526
474527
474528
474529
474530
474531
474532
474533
474534
474535
474536
474537
474538
474539
474540
474541
474542
474543
474544
474545
474546
474547
474548
474549
474550
474551
474552
474553
474554
474555
474556
474557
474558
474559
474560
474561
474562
474563
474564
474565
474566
474567
474568
474569
474570
474571
474572
474573
474574
474575
474576
474577
474578
474579
474580
474581
474582
474583
474584
474585
474586
474587
474588
474589
474590
474591
474592
474593
474594
474595
474596
474597
474598
474599
474600
474601
474602
474603
474604
474605
474606
474607
474608
474609
474610
474611
474612
474613
474614
474615
474616
474617
474618
474619
474620
474621
474622
474623
474624
474625
474626
474627
474628
474629
474630
474631
474632
474633
474634
474635
474636
474637
474638
474639
474640
474641
474642
474643
474644
474645
474646
474647
474648
474649
474650
474651
474652
474653
474654
474655
474656
474657
474658
474659
474660
474661
474662
474663
474664
474665
474666
474667
474668
474669
474670
474671
474672
474673
474674
474675
474676
474677
474678
474679
474680
474681
474682
474683
474684
474685
474686
474687
474688
474689
474690
474691
474692
474693
474694
474695
474696
474697
474698
474699
474700
474701
474702
474703
474704
474705
474706
474707
474708
474709
474710
474711
474712
474713
474714
474715
474716
474717
474718
474719
474720
474721
474722
474723
474724
474725
474726
474727
474728
474729
474730
474731
474732
474733
474734
474735
474736
474737
474738
474739
474740
474741
474742
474743
474744
474745
474746
474747
474748
474749
474750
474751
474752
474753
474754
474755
474756
474757
474758
474759
474760
474761
474762
474763
474764
474765
474766
474767
474768
474769
474770
474771
474772
474773
474774
474775
474776
474777
474778
474779
474780
474781
474782
474783
474784
474785
474786
474787
474788
474789
474790
474791
474792
474793
474794
474795
474796
474797
474798
474799
474800
474801
474802
474803
474804
474805
474806
474807
474808
474809
474810
474811
474812
474813
474814
474815
474816
474817
474818
474819
474820
474821
474822
474823
474824
474825
474826
474827
474828
474829
474830
474831
474832
474833
474834
474835
474836
474837
474838
474839
474840
474841
474842
474843
474844
474845
474846
474847
474848
474849
474850
474851
474852
474853
474854
474855
474856
474857
474858
474859
474860
474861
474862
474863
474864
474865
474866
474867
474868
474869
474870
474871
474872
474873
474874
474875
474876
474877
474878
474879
474880
474881
474882
474883
474884
474885
474886
474887
474888
474889
474890
474891
474892
474893
474894
474895
474896
474897
474898
474899
474900
474901
474902
474903
474904
474905
474906
474907
474908
474909
474910
474911
474912
474913
474914
474915
474916
474917
474918
474919
474920
474921
474922
474923
474924
474925
474926
474927
474928
474929
474930
474931
474932
474933
474934
474935
474936
474937
474938
474939
474940
474941
474942
474943
474944
474945
474946
474947
474948
474949
474950
474951
474952
474953
474954
474955
474956
474957
474958
474959
474960
474961
474962
474963
474964
474965
474966
474967
474968
474969
474970
474971
474972
474973
474974
474975
474976
474977
474978
474979
474980
474981
474982
474983
474984
474985
474986
474987
474988
474989
474990
474991
474992
474993
474994
474995
474996
474997
474998
474999
475000
475001
475002
475003
475004
475005
475006
475007
475008
475009
475010
475011
475012
475013
475014
475015
475016
475017
475018
475019
475020
475021
475022
475023
475024
475025
475026
475027
475028
475029
475030
475031
475032
475033
475034
475035
475036
475037
475038
475039
475040
475041
475042
475043
475044
475045
475046
475047
475048
475049
475050
475051
475052
475053
475054
475055
475056
475057
475058
475059
475060
475061
475062
475063
475064
475065
475066
475067
475068
475069
475070
475071
475072
475073
475074
475075
475076
475077
475078
475079
475080
475081
475082
475083
475084
475085
475086
475087
475088
475089
475090
475091
475092
475093
475094
475095
475096
475097
475098
475099
475100
475101
475102
475103
475104
475105
475106
475107
475108
475109
475110
475111
475112
475113
475114
475115
475116
475117
475118
475119
475120
475121
475122
475123
475124
475125
475126
475127
475128
475129
475130
475131
475132
475133
475134
475135
)


// ************************************************************************* //
