/*--------------------------------*- C++ -*----------------------------------*\
| =========                 |                                                 |
| \\      /  F ield         | OpenFOAM: The Open Source CFD Toolbox           |
|  \\    /   O peration     | Version:  2412                                  |
|   \\  /    A nd           | Website:  www.openfoam.com                      |
|    \\/     M anipulation  |                                                 |
\*---------------------------------------------------------------------------*/
FoamFile
{
    version     2.0;
    format      binary;
    arch        "LSB;label=32;scalar=64";
    class       cellSet;
    location    "constant/polyMesh/sets";
    object      inletCellZone;
}
// * * * * * * * * * * * * * * * * * * * * * * * * * * * * * * * * * * * * * //


2880
(
0
159745
77825
32770
8194
106499
24579
16387
126980
69639
139274
98315
61453
118799
151568
53266
90130
45078
131095
81944
110617
36890
4123
143389
28701
20509
12317
73758
102433
155682
122915
65572
94249
135210
57386
114734
49198
86063
147504
41010
159796
52
77877
32822
8246
127031
106551
24631
16439
69691
139325
98367
61505
118850
151619
53318
90182
131146
45130
81996
110669
36942
4175
143440
28753
20561
12369
73810
155733
102485
122966
65624
135261
94301
57438
114785
49250
147555
86115
41062
159847
104
77929
127082
32874
8298
106603
24683
16491
69743
139376
98419
118901
61557
151670
53370
90234
131197
45182
110720
82048
36994
143491
4227
28805
20613
12421
73862
155784
123017
102537
65676
135312
94353
57490
114836
147606
49302
86167
159898
41114
156
127133
77981
32926
8350
106655
24735
16543
139427
69795
98471
118952
151721
61609
53422
90286
131248
45234
110771
82100
143542
37046
4279
28857
20665
12473
73914
155835
123068
102589
65728
135363
94405
57542
114887
147657
49354
86219
159949
41166
127184
208
78033
106706
32978
8402
24787
16595
139478
69847
119003
98523
151772
61661
53474
90338
131299
110822
45286
82152
143593
37098
4331
28909
20717
12525
155886
73966
123119
102641
65780
135414
94457
114938
57594
147708
49406
86271
160000
41218
127235
260
106757
78085
33030
8454
24839
16647
139529
69899
119054
151823
98575
61713
131350
53526
90390
110873
45338
143644
82204
37150
4383
155937
28961
20769
12577
123170
74018
102692
65832
135465
114989
94509
57646
147759
49458
160051
86323
127286
41270
106808
312
78137
33082
8506
24891
16699
139580
69951
119105
151874
98627
61765
131401
53578
90442
110924
45390
143695
82256
37202
4435
155988
123221
29013
20821
12629
74070
102743
135516
65884
115040
94561
147810
57698
160102
49510
86375
127337
41322
106859
364
78189
33134
8558
139631
24943
16751
70003
119156
151925
98678
61817
131452
53630
90494
110975
143746
45442
82308
37254
156039
4487
123272
29065
20873
12681
102794
74122
135567
65936
115091
147861
94613
57750
160153
49562
86427
127388
106910
41374
416
78241
139682
33186
8610
24995
16803
119207
70055
151976
98729
61869
131503
111026
53682
90546
143797
45494
82360
156090
37306
123323
4539
102845
29117
20925
12733
74174
135618
65988
115142
147912
94664
57802
160204
49614
127439
86479
106961
41426
468
139733
78293
33238
8662
25047
16855
119258
152027
70107
98780
61921
131554
111077
53734
90598
143848
45546
82412
156141
123374
37358
4591
102896
29169
20977
12785
74226
135669
66040
115193
147963
94715
57854
160255
127490
49666
86531
107012
41478
139784
520
78345
33290
8714
25099
16907
119309
152078
98831
70159
131605
61973
111128
53786
90650
143899
45598
156192
82464
123425
37410
102947
4643
29221
21029
12837
74278
135720
115244
66092
148014
94766
57906
127541
49718
107063
86583
41530
139835
572
78397
33342
8766
25151
16959
119360
152129
98882
70211
131656
62025
111179
90701
143950
53838
45650
156243
123476
82516
102998
37462
4695
29273
21081
12889
74330
135771
115295
66144
148065
94817
57958
127592
107114
49770
86635
139886
41582
624
78449
33394
8818
119411
25203
17011
152180
98933
70263
131707
62077
111230
90752
144001
53890
45702
123527
82568
103049
37514
4747
29325
21133
12941
135822
74382
115346
148116
94868
66196
58010
127643
107165
49822
86686
139937
41634
676
78501
119462
33446
8870
152231
25255
17063
98984
70315
131758
111281
62129
90803
144052
53942
123578
45754
103100
82620
37566
4799
135873
29377
21185
12993
74434
115397
148167
94919
66248
127694
58062
107216
86737
49874
139988
41686
728
119513
78553
33498
8922
99035
25307
17115
70367
131809
111332
62181
90854
144103
53994
123629
45806
103151
82671
37618
4851
135924
29429
21237
13045
74486
115448
148218
94970
66300
127745
58114
107267
86788
49926
140039
41738
119564
780
78605
99086
33550
8974
25359
17167
70419
131860
111383
62233
90905
144154
54046
123680
103202
45858
82722
37670
135975
4903
29481
21289
13097
74538
115499
95021
66352
127796
107318
58166
86839
140090
49978
41790
119615
832
78656
99137
33602
9026
25411
17219
131911
70471
111434
90956
144205
62285
54098
123731
103253
82773
45910
136026
37722
4955
29533
21341
13149
115550
74590
95072
66404
127847
107369
58218
86890
140141
50030
119666
41842
78707
99188
884
33654
9078
25463
17271
131962
70523
111485
91007
62337
123782
54150
103304
82824
45962
136077
37774
5007
115601
29585
21393
13201
74641
95123
66456
127898
107420
86941
58270
140192
50082
119717
41894
78758
99239
936
33706
9130
25515
17323
132013
70575
156592
111536
91058
62389
123833
54202
103355
82875
46014
136128
37826
5059
115652
74692
29637
21445
13253
95174
66508
127949
107471
86992
58322
50134
119768
78809
99290
41946
988
33758
9182
25567
17375
132064
70626
111587
156644
91109
62441
123884
103406
54254
82926
46066
136179
37878
115703
5111
74743
95225
29689
21497
13305
128000
66560
107522
87043
152580
58374
50186
119819
78860
99341
41998
1040
33810
9234
132115
25619
17427
70677
111638
156696
91160
62493
123935
103457
82977
54306
46118
115754
37930
74794
5163
95276
29741
21549
13357
128051
66611
107573
87094
152632
58426
119870
50238
78911
99392
42050
1092
132166
33862
9286
25671
17479
70728
111689
91211
156748
62545
123986
103508
83028
54358
148568
46170
115805
74845
37982
95327
5215
29793
21601
13409
128102
66662
107624
87145
152684
58478
119921
50290
78962
99443
42102
1144
33914
9338
25723
17531
70779
111740
91262
156800
62596
124037
103559
83079
54410
148620
46222
115856
74896
95378
38034
5267
29845
21653
13461
128153
66713
107675
87196
152736
58530
119972
79013
99494
50342
42154
144555
1196
33966
9390
70830
111791
25775
17583
91313
156852
62647
124088
103610
83130
54462
148672
46274
115907
74947
95429
38086
5319
29897
21705
13513
66764
107726
87247
152788
58581
120023
79064
99545
50394
42206
144607
1248
70881
111842
34018
9442
25827
17635
91364
156904
62698
124139
103661
83181
54514
148724
115958
46326
74998
95480
38138
5371
29949
21757
13565
140542
66815
107777
87298
152840
58632
120074
79115
99596
50446
42258
144659
1300
70932
111893
34070
9494
91415
25879
17687
156956
62749
103712
83232
54566
148776
116009
75049
46378
95531
38190
5423
30001
21809
13617
140594
66866
107828
87349
58683
152892
120125
79166
99647
50498
42310
144711
70983
111944
1352
91466
34122
9546
25931
17739
157008
62800
136529
103763
83283
54617
148828
116060
75100
95582
46430
38242
5475
30053
21861
13669
66917
140646
107879
87400
58734
152944
79217
99698
50550
42362
71034
144763
111995
1404
91517
34174
9598
25983
17791
62851
157060
136581
103814
83334
54668
116111
75151
148880
95633
46482
38294
5527
66968
30105
21913
13721
140698
107930
87451
58785
152996
132516
79268
99749
50601
71085
112046
42414
144815
91568
1456
34226
9650
26035
17843
62902
157112
136633
103865
83385
54719
75202
148932
95684
46534
38346
5579
67019
107981
30157
21965
13773
140750
87502
58836
79319
153048
132568
99800
50652
71136
112097
42466
144867
91619
1508
34278
9702
26087
17895
62953
157164
103916
83436
136685
54770
75253
128503
95735
148984
46585
38398
67070
5631
108032
30209
22017
13825
87553
140802
58887
79370
99851
153100
132620
50703
71187
91670
42518
144919
1560
34330
9754
26139
17947
63004
103967
83487
157216
136737
54821
75304
95786
128555
149036
46636
67121
38450
108083
5683
87604
30261
22069
13877
140854
58938
79421
99902
153152
132672
50754
71238
124489
91721
42569
144971
1612
34382
9806
26191
17999
63055
104018
83538
157268
136789
54872
75355
95837
128607
46687
149088
67172
38502
5735
87655
30313
22121
13929
140906
58989
79472
99953
153204
132724
50805
71289
91772
42620
124541
145023
1664
34434
9858
63106
26243
18051
104069
83589
157320
136841
54923
75406
95888
46738
128659
149140
67223
38553
87706
120475
5787
30365
22173
13981
140958
59040
79523
100004
153256
132776
50856
71340
91823
42671
124593
145075
1716
63157
34486
9910
26295
18103
83640
157372
136893
54974
75457
95939
46789
128711
149192
67274
38604
87757
120527
5839
30417
22225
14033
141010
59091
79574
100055
50907
153308
132828
71391
91874
42722
124645
145127
1768
63208
34537
9962
26347
18155
83691
116461
157424
136945
55025
75508
95990
46840
128763
149244
67325
38655
87808
120579
5891
30469
22277
14085
141062
59142
79625
50958
153360
132880
71442
91925
42773
124697
145179
63259
34588
1820
10014
83742
26399
18207
116513
157476
55076
136997
75559
96041
46891
128815
149296
67376
38706
87859
120631
5943
30520
22329
14137
59193
141114
79676
112447
51009
153412
132932
71493
91976
42824
124749
63310
145231
34639
1872
83793
10066
26451
18259
116565
55127
157528
137049
75610
46942
128867
67427
149348
38757
87910
120683
30571
5995
59244
22381
14189
141166
79727
112499
51060
153464
132984
71544
92027
42875
124801
63361
34690
145283
1924
83844
26502
10118
18311
116617
55178
157580
137101
75661
108433
46993
67478
128919
149400
38808
87961
30622
120735
6047
59295
22433
14241
141218
79778
112551
51111
71595
153516
133036
42926
63412
124853
34741
145335
83895
1976
26553
10170
18363
116669
55229
157632
75712
137153
47044
108485
67529
128971
38859
149452
88012
30673
59346
120787
6099
22484
14293
79829
141270
51162
112603
71646
153568
133088
42977
104419
63463
34792
124905
83946
145387
26604
2028
10222
18415
55280
116721
75763
157684
137205
47095
108537
67580
38910
129023
149504
30724
59397
120839
22535
6151
79880
14345
141322
51213
112655
71697
153620
133140
43028
104471
63514
34843
124957
83997
145439
26655
2080
18466
10274
55331
116773
75814
157736
137257
47146
108589
67631
38961
129075
149556
100405
30775
59448
22586
120891
6203
79931
14397
141374
51264
112707
71748
43079
153672
133192
104523
63565
34894
125009
26706
145491
2132
18517
10326
55382
116825
75865
157788
137309
47197
108641
67682
39012
129127
149608
100457
30826
59499
22637
79982
120943
6255
14448
141426
51315
112759
71799
43130
153724
133244
104575
63616
34945
125061
26757
145543
96391
18568
2184
55433
10378
75916
116877
157840
47248
137361
108693
67733
39063
129179
149660
100509
30877
59550
22688
120995
14499
6307
141478
51366
71850
112811
43181
153776
133296
104627
63667
34996
26808
125113
145595
96443
18619
2236
55484
10430
75967
116929
47299
157892
137413
67784
108745
39114
129231
149712
30928
100561
59601
22739
14550
121047
6359
92377
51417
141530
71901
112863
43232
153828
133348
63718
104679
35047
26859
125165
18670
145647
96495
55535
2288
10481
116981
47350
157944
137465
67835
108797
39165
129283
30979
149764
59652
100613
22790
14601
121099
6411
51468
92429
141582
71952
112915
43283
153880
133400
63769
35098
104731
26910
125217
18721
55586
145699
96547
10532
2340
117033
47401
88362
157996
137517
67886
39216
108849
31030
129335
59703
149816
100665
22841
14652
6462
121151
51519
92481
141634
43334
112967
153932
133452
63820
35149
104783
26961
18772
125269
55637
145751
96599
10583
2392
47452
117085
88414
158048
137569
67937
39267
108901
31081
59754
129387
149868
22892
100717
14703
6513
51570
121203
92533
141686
43385
113019
84347
63871
153984
133504
35200
104835
27012
18823
55688
125321
10634
145803
96651
2443
47503
117137
88466
158100
137621
39318
108953
31132
59805
129439
22943
149920
100769
14754
6564
51621
121255
92585
141738
43436
113071
84399
63922
35251
154036
133556
104887
27063
18874
55739
125373
10685
2494
145855
96703
47554
117189
88518
158152
137673
39369
80332
109005
31183
59856
22994
129491
149972
100821
14805
6615
51672
121307
92637
141790
43487
113123
84451
35302
154088
133608
27114
104939
18925
55790
10736
125425
2545
145907
96755
47605
117241
88570
158204
39420
137725
80384
109057
31234
59907
23045
129543
150024
14856
100873
6666
51723
121359
92689
141842
43538
113175
84503
35353
154140
133660
27165
76317
104991
18976
55841
10787
2596
125477
145959
96807
47656
117293
88622
39471
158256
137777
80436
109109
31285
23096
129595
14907
150076
100925
6717
51774
121411
92741
43589
141894
113227
84555
35404
154192
133712
27216
76369
105043
19027
55892
10838
2647
125529
146011
96859
47707
117345
39522
88674
158308
137829
31336
80488
109161
23147
14958
72302
129647
150128
6768
100977
51825
121463
43640
92793
141946
113279
35455
84607
27267
154244
133764
76421
19078
105095
10889
2698
125581
47758
146063
96911
117397
39573
88726
158360
137881
31387
80540
109213
23198
15009
72354
129699
6819
150180
51876
101029
121515
43691
92845
141998
35506
113331
84659
27318
154296
133816
19129
76473
105147
10940
2749
68287
125633
47809
146115
96963
39624
117449
88778
158412
137933
31438
80592
109265
23249
15060
6870
72406
129751
150232
101081
43742
121567
92897
142050
35557
113383
84711
27369
154348
133868
19180
76525
105199
10991
2800
68339
47860
125685
146167
97015
39675
117501
88830
158464
137985
31489
23300
80644
109317
15111
6921
72458
129803
150284
101133
64272
43793
121619
92949
142102
35608
113435
84763
27420
19231
154400
133920
76577
11042
105251
2851
68391
125737
146219
97067
39726
117553
88882
158516
31540
138037
23351
80696
109369
15162
6972
72510
129855
150336
101185
43844
64324
121671
93001
142154
35659
113487
27471
84815
19282
154452
133972
11093
76629
2902
105303
68443
125789
146271
97119
39777
60257
117605
88934
31591
158568
138089
23402
80748
109421
15213
7023
72562
129907
150388
101237
64376
121723
93053
142206
35710
27522
113539
84867
19333
154504
134024
11144
2953
76681
105355
68495
125841
146323
97171
39828
60309
117657
31642
88986
158620
138141
23453
15264
80800
109473
7074
72614
129959
150440
101289
64428
121775
93105
35761
142258
56242
27573
113591
84919
19384
11195
154556
134076
3004
76733
105407
68547
125893
146375
97223
60361
117709
31693
89038
158672
23504
138193
15315
80852
109525
7125
72666
130011
150492
101341
64480
121827
35812
93157
142310
56294
27624
113643
19435
84971
11246
3055
154608
134128
76785
105459
68599
125945
146427
97275
60413
31744
117761
52226
89090
23555
158724
138245
15366
7176
80904
109577
72718
130063
150544
101393
64532
121879
93209
142362
56346
27675
19486
113695
85023
11297
3106
154660
134180
76837
105511
68651
125997
146479
97327
60465
31795
117813
23606
52278
89142
158776
138297
15417
7227
80956
109629
72770
130115
150596
101445
64584
121931
93261
142414
27726
56398
19537
48210
113747
85075
11348
3157
154712
134232
76889
105563
68703
126049
146531
97379
60517
117865
23657
52330
89194
158827
15468
138349
7278
81008
109681
72822
130167
150648
101497
64636
121983
93313
27777
142466
56450
19588
48262
113799
11399
85127
3208
154764
134284
76941
105615
68755
126101
146583
97431
60569
23708
117917
158878
52382
89246
15519
138401
7329
44194
81060
109733
72874
130219
150700
101549
64688
122035
93365
142518
56502
19639
11450
48314
113851
3259
85179
154815
134336
76993
105667
68807
126153
146635
97483
60621
23759
158929
117969
15570
52434
89298
7380
138453
44246
81112
109785
72926
130271
150752
101601
64740
122087
93417
142570
19690
56554
11501
3310
48366
113903
85231
154866
40178
134388
77045
105719
68859
126205
146687
97535
60673
158980
118021
15621
52486
89350
7431
138505
44298
81164
109837
72978
150803
130323
101653
64792
122139
93469
19741
142622
56606
11552
3361
48418
113955
85283
154917
40230
134440
77097
105771
68911
126257
146739
97587
60725
159031
15672
118073
7482
52538
89402
138557
44350
81216
109889
36162
150854
73030
130375
101705
64844
122191
93521
142674
56658
11603
3412
48470
114007
85335
154968
40282
134492
77149
105823
68963
126309
146790
97639
60777
159082
15723
118125
7533
52590
89454
138609
44402
81268
109941
36214
150905
73082
130427
101757
64896
122243
93573
142726
11654
56710
3463
48522
155019
114059
85387
40334
134544
77201
32146
105875
69015
146841
126361
97691
159133
60829
7584
118177
52642
89506
138661
44454
81320
109993
36266
150956
73134
130479
101809
64948
122295
142777
93625
11705
3514
56762
155070
48574
114111
85439
40386
134596
77253
32198
105927
69067
146892
126413
97743
159184
60881
7635
118229
52694
89558
138713
44506
81372
110045
36318
151007
28129
73186
130531
101861
65000
122347
142828
93677
3565
56814
155121
48626
114163
85491
40438
134648
77305
32250
105979
146943
69119
126465
159235
97795
60933
7686
118281
52746
89610
138764
44558
81424
110097
151058
36370
28181
73238
130583
101913
65052
142879
122399
3616
93729
56866
155172
48678
114215
85543
40490
134700
77357
32302
106031
24111
146994
69171
126517
159286
97847
60985
118333
52798
89662
138815
44610
81476
151109
110149
36422
28233
73290
130635
101965
65104
142930
122451
3667
93781
56918
155223
48730
114267
85595
40542
134751
77409
32354
106083
24163
147045
69223
159337
126569
97899
61037
118385
138866
52850
89714
44662
151160
81528
110201
36474
28285
20093
73342
130687
102017
65156
142981
122503
93833
155274
56970
48782
114319
85647
134802
40594
77461
32406
106135
24215
147096
69275
159388
126621
97951
61089
138917
118437
52902
89766
44714
151211
81580
110253
36526
28337
20145
130738
73394
102069
143032
65208
122555
155325
93885
57022
48834
114371
85699
134853
40646
77513
32458
147147
106187
24267
16075
159439
69327
126673
98003
61141
138968
118489
52954
89818
151262
44766
81632
110305
36578
130789
28389
20197
73446
102121
143083
65260
122607
155376
93937
57074
48886
114423
85751
134904
40698
77565
147198
32510
106239
24319
16127
159490
69379
126725
98055
61193
139019
118541
53006
89870
151313
44818
81684
110357
36630
130840
28441
20249
12057
73498
102173
143134
65312
155427
122659
93989
57126
48938
134955
114475
85803
40750
147249
77617
32562
106291
24371
16179
159541
69431
126776
98107
61245
139070
118593
53058
89922
151364
44870
81736
110409
36682
130891
28493
20301
12109
73550
143185
102225
65364
155478
122711
94041
57178
135006
48990
114527
85855
40802
147300
77669
32614
8038
106343
24423
16231
159592
126827
69483
98159
139121
61297
118645
53110
89974
151415
44922
81788
110461
130942
36734
28545
20353
12161
73602
143236
102277
65416
155529
122762
94093
57230
135057
49042
114579
85907
40854
147351
77721
32666
8090
159643
106395
24475
16283
126878
69535
98211
139172
61349
118697
151466
53162
90026
44974
81840
130993
110513
36786
4019
28597
20405
12213
73654
143287
102329
155580
65468
122813
94145
57282
135108
49094
114631
85959
147402
40906
77773
159694
32718
8142
106447
24527
16335
126929
69587
139223
98263
61401
118748
151517
53214
90078
45026
131044
81892
110565
36838
4071
28649
20457
12265
143338
73706
102381
155631
122864
65520
94197
57334
135159
49146
114683
86011
147453
40958
)


// ************************************************************************* //
