/*--------------------------------*- C++ -*----------------------------------*\
| =========                 |                                                 |
| \\      /  F ield         | OpenFOAM: The Open Source CFD Toolbox           |
|  \\    /   O peration     | Version:  2412                                  |
|   \\  /    A nd           | Website:  www.openfoam.com                      |
|    \\/     M anipulation  |                                                 |
\*---------------------------------------------------------------------------*/
FoamFile
{
    version     2.0;
    format      binary;
    arch        "LSB;label=32;scalar=64";
    class       faceSet;
    location    "constant/polyMesh/sets";
    object      inletFaceSet;
}
// * * * * * * * * * * * * * * * * * * * * * * * * * * * * * * * * * * * * * //


3499
(
483328
483329
483330
483331
483332
483333
483334
483335
483336
483337
483338
483339
483340
483341
483342
483343
483344
483345
483346
483347
483348
483349
483350
483351
483352
483353
483354
483355
483356
483357
483358
483359
483360
483361
483362
483363
483364
483365
483366
483367
483368
483369
483370
483371
483372
483373
483374
483375
483376
483377
483378
483379
483380
483381
483382
483383
483384
483385
483386
483387
483388
483389
483390
483391
483392
483393
483394
483395
483396
483397
483398
483399
483400
483401
483402
483403
483404
483405
483406
483407
483408
483409
483410
483411
483412
483413
483414
483415
483416
483417
483418
483419
483420
483421
483422
483423
483424
483425
483426
483427
483428
483429
483430
483431
483432
483433
483434
483435
483436
483437
483438
483439
483440
483441
483442
483443
483444
483445
483446
483447
483448
483449
483450
483451
483452
483453
483454
483455
483456
483457
483458
483459
483460
483461
483462
483463
483464
483465
483466
483467
483468
483469
483470
483471
483472
483473
483474
483475
483476
483477
483478
483479
483480
483481
483482
483483
483484
483485
483486
483487
483488
483489
483490
483491
483492
483493
483494
483495
483496
483497
483498
483499
483500
483501
483502
483503
483504
483505
483506
483507
483508
483509
483510
483511
483512
483513
483514
483515
483516
483517
483518
483519
483520
483521
483522
483523
483524
483525
483526
483527
483528
483529
483530
483531
483532
483533
483534
483535
483536
483537
483538
483539
483540
483541
483542
483543
483544
483545
483546
483547
483548
483549
483550
483551
483552
483553
483554
483555
483556
483557
483558
483559
483560
483561
483562
483563
483564
483565
483566
483567
483568
483569
483570
483571
483572
483573
483574
483575
483576
483577
483578
483579
483580
483581
483582
483583
483584
483585
483586
483587
483588
483589
483590
483591
483592
483593
483594
483595
483596
483597
483598
483599
483600
483601
483602
483603
483604
483605
483606
483607
483608
483609
483610
483611
483612
483613
483614
483615
483616
483617
483618
483619
483620
483621
483622
483623
483624
483625
483626
483627
483628
483629
483630
483631
483632
483633
483634
483635
483636
483637
483638
483639
483640
483641
483642
483643
483644
483645
483646
483647
483648
483649
483650
483651
483652
483653
483654
483655
483656
483657
483658
483659
483660
483661
483662
483663
483664
483665
483666
483667
483668
483669
483670
483671
483672
483673
483674
483675
483676
483677
483678
483679
483680
483681
483682
483683
483684
483685
483686
483687
483688
483689
483690
483691
483692
483693
483694
483695
483696
483697
483698
483699
483700
483701
483702
483703
483704
483705
483706
483707
483708
483709
483710
483711
483712
483713
483714
483715
483716
483717
483718
483719
483720
483721
483722
483723
483724
483725
483726
483727
483728
483729
483730
483731
483732
483733
483734
483735
483736
483737
483738
483739
483740
483741
483742
483743
483744
483745
483746
483747
483748
483749
483750
483751
483752
483753
483754
483755
483756
483757
483758
483759
483760
483761
483762
483763
483764
483765
483766
483767
483768
483769
483770
483771
483772
483773
483774
483775
483776
483777
483778
483779
483780
483781
483782
483783
483784
483785
483786
483787
483788
483789
483790
483791
483792
483793
483794
483795
483796
483797
483798
483799
483800
483801
483802
483803
483804
483805
483806
483807
483808
483809
483810
483811
483812
483813
483814
483815
483816
483817
483818
483819
483820
483821
483822
483823
483824
483825
483826
483827
483828
483829
483830
483831
483832
483833
483834
483835
483836
483837
483838
483839
483840
483841
483842
483843
483844
483845
483846
483847
483848
483849
483850
483851
483852
483853
483854
483855
483856
483857
483858
483859
483860
483861
483862
483863
483864
483865
483866
483867
483868
483869
483870
483871
483872
483873
483874
483875
483876
483877
483878
483879
483880
483881
483882
483883
483884
483885
483886
483887
483888
483889
483890
483891
483892
483893
483894
483895
483896
483897
483898
483899
483900
483901
483902
483903
483904
483905
483906
483907
483908
483909
483910
483911
483912
483913
483914
483915
483916
483917
483918
483919
483920
483921
483922
483923
483924
483925
483926
483927
483928
483929
483930
483931
483932
483933
483934
483935
483936
483937
483938
483939
483940
483941
483942
483943
483944
483945
483946
483947
483948
483949
483950
483951
483952
483953
483954
483955
483956
483957
483958
483959
483960
483961
483962
483963
483964
483965
483966
483967
483968
483969
483970
483971
483972
483973
483974
483975
483976
483977
483978
483979
483980
483981
483982
483983
483984
483985
483986
483987
483988
483989
483990
483991
483992
483993
483994
483995
483996
483997
483998
483999
484000
484001
484002
484003
484004
484005
484006
484007
484008
484009
484010
484011
484012
484013
484014
484015
484016
484017
484018
484019
484020
484021
484022
484023
484024
484025
484026
484027
484028
484029
484030
484031
484032
484033
484034
484035
484036
484037
484038
484039
484040
484041
484042
484043
484044
484045
484046
484047
484048
484049
484050
484051
484052
484053
484054
484055
484056
484057
484058
484059
484060
484061
484062
484063
484064
484065
484066
484067
484068
484069
484070
484071
484072
484073
484074
484075
484076
484077
484078
484079
484080
484081
484082
484083
484084
484085
484086
484087
484088
484089
484090
484091
484092
484093
484094
484095
484096
484097
484098
484099
484100
484101
484102
484103
484104
484105
484106
484107
484108
484109
484110
484111
484112
484113
484114
484115
484116
484117
484118
484119
484120
484121
484122
484123
484124
484125
484126
484127
484128
484129
484130
484131
484132
484133
484134
484135
484136
484137
484138
484139
484140
484141
484142
484143
484144
484145
484146
484147
484148
484149
484150
484151
484152
484153
484154
484155
484156
484157
484158
484159
484160
484161
484162
484163
484164
484165
484166
484167
484168
484169
484170
484171
484172
484173
484174
484175
484176
484177
484178
484179
484180
484181
484182
484183
484184
484185
484186
484187
484188
484189
484190
484191
484192
484193
484194
484195
484196
484197
484198
484199
484200
484201
484202
484203
484204
484205
484206
484207
484208
484209
484210
484211
484212
484213
484214
484215
484216
484217
484218
484219
484220
484221
484222
484223
484224
484225
484226
484227
484228
484229
484230
484231
484232
484233
484234
484235
484236
484237
484238
484239
484240
484241
484242
484243
484244
484245
484246
484247
484248
484249
484250
484251
484252
484253
484254
484255
484256
484257
484258
484259
484260
484261
484262
484263
484264
484265
484266
484267
484268
484269
484270
484271
484272
484273
484274
484275
484276
484277
484278
484279
484280
484281
484282
484283
484284
484285
484286
484287
484288
484289
484290
484291
484292
484293
484294
484295
484296
484297
484298
484299
484300
484301
484302
484303
484304
484305
484306
484307
484308
484309
484310
484311
484312
484313
484314
484315
484316
484317
484318
484319
484320
484321
484322
484323
484324
484325
484326
484327
484328
484329
484330
484331
484332
484333
484334
484335
484336
484337
484338
484339
484340
484341
484342
484343
484344
484345
484346
484347
484348
484349
484350
484351
484352
484353
484354
484355
484356
484357
484358
484359
484360
484361
484362
484363
484364
484365
484366
484367
484368
484369
484370
484371
484372
484373
484374
484375
484376
484377
484378
484379
484380
484381
484382
484383
484384
484385
484386
484387
484388
484389
484390
484391
484392
484393
484394
484395
484396
484397
484398
484399
484400
484401
484402
484403
484404
484405
484406
484407
484408
484409
484410
484411
484412
484413
484414
484415
484416
484417
484418
484419
484420
484421
484422
484423
484424
484425
484426
484427
484428
484429
484430
484431
484432
484433
484434
484435
484436
484437
484438
484439
484440
484441
484442
484443
484444
484445
484446
484447
484448
484449
484450
484451
484452
484453
484454
484455
484456
484457
484458
484459
484460
484461
484462
484463
484464
484465
484466
484467
484468
484469
484470
484471
484472
484473
484474
484475
484476
484477
484478
484479
484480
484481
484482
484483
484484
484485
484486
484487
484488
484489
484490
484491
484492
484493
484494
484495
484496
484497
484498
484499
484500
484501
484502
484503
484504
484505
484506
484507
484508
484509
484510
484511
484512
484513
484514
484515
484516
484517
484518
484519
484520
484521
484522
484523
484524
484525
484526
484527
484528
484529
484530
484531
484532
484533
484534
484535
484536
484537
484538
484539
484540
484541
484542
484543
484544
484545
484546
484547
484548
484549
484550
484551
484552
484553
484554
484555
484556
484557
484558
484559
484560
484561
484562
484563
484564
484565
484566
484567
484568
484569
484570
484571
484572
484573
484574
484575
484576
484577
484578
484579
484580
484581
484582
484583
484584
484585
484586
484587
484588
484589
484590
484591
484592
484593
484594
484595
484596
484597
484598
484599
484600
484601
484602
484603
484604
484605
484606
484607
484608
484609
484610
484611
484612
484613
484614
484615
484616
484617
484618
484619
484620
484621
484622
484623
484624
484625
484626
484627
484628
484629
484630
484631
484632
484633
484634
484635
484636
484637
484638
484639
484640
484641
484642
484643
484644
484645
484646
484647
484648
484649
484650
484651
484652
484653
484654
484655
484656
484657
484658
484659
484660
484661
484662
484663
484664
484665
484666
484667
484668
484669
484670
484671
484672
484673
484674
484675
484676
484677
484678
484679
484680
484681
484682
484683
484684
484685
484686
484687
484688
484689
484690
484691
484692
484693
484694
484695
484696
484697
484698
484699
484700
484701
484702
484703
484704
484705
484706
484707
484708
484709
484710
484711
484712
484713
484714
484715
484716
484717
484718
484719
484720
484721
484722
484723
484724
484725
484726
484727
484728
484729
484730
484731
484732
484733
484734
484735
484736
484737
484738
484739
484740
484741
484742
484743
484744
484745
484746
484747
484748
484749
484750
484751
484752
484753
484754
484755
484756
484757
484758
484759
484760
484761
484762
484763
484764
484765
484766
484767
484768
484769
484770
484771
484772
484773
484774
484775
484776
484777
484778
484779
484780
484781
484782
484783
484784
484785
484786
484787
484788
484789
484790
484791
484792
484793
484794
484795
484796
484797
484798
484799
484800
484801
484802
484803
484804
484805
484806
484807
484808
484809
484810
484811
484812
484813
484814
484815
484816
484817
484818
484819
484820
484821
484822
484823
484824
484825
484826
484827
484828
484829
484830
484831
484832
484833
484834
484835
484836
484837
484838
484839
484840
484841
484842
484843
484844
484845
484846
484847
484848
484849
484850
484851
484852
484853
484854
484855
484856
484857
484858
484859
484860
484861
484862
484863
484864
484865
484866
484867
484868
484869
484870
484871
484872
484873
484874
484875
484876
484877
484878
484879
484880
484881
484882
484883
484884
484885
484886
484887
484888
484889
484890
484891
484892
484893
484894
484895
484896
484897
484898
484899
484900
484901
484902
484903
484904
484905
484906
484907
484908
484909
484910
484911
484912
484913
484914
484915
484916
484917
484918
484919
484920
484921
484922
484923
484924
484925
484926
484927
484928
484929
484930
484931
484932
484933
484934
484935
484936
484937
484938
484939
484940
484941
484942
484943
484944
484945
484946
484947
484948
484949
484950
484951
484952
484953
484954
484955
484956
484957
484958
484959
484960
484961
484962
484963
484964
484965
484966
484967
484968
484969
484970
484971
484972
484973
484974
484975
484976
484977
484978
484979
484980
484981
484982
484983
484984
484985
484986
484987
484988
484989
484990
484991
484992
484993
484994
484995
484996
484997
484998
484999
485000
485001
485002
485003
485004
485005
485006
485007
485008
485009
485010
485011
485012
485013
485014
485015
485016
485017
485018
485019
485020
485021
485022
485023
485024
485025
485026
485027
485028
485029
485030
485031
485032
485033
485034
485035
485036
485037
485038
485039
485040
485041
485042
485043
485044
485045
485046
485047
485048
485049
485050
485051
485052
485053
485054
485055
485056
485057
485058
485059
485060
485061
485062
485063
485064
485065
485066
485067
485068
485069
485070
485071
485072
485073
485074
485075
485076
485077
485078
485079
485080
485081
485082
485083
485084
485085
485086
485087
485088
485089
485090
485091
485092
485093
485094
485095
485096
485097
485098
485099
485100
485101
485102
485103
485104
485105
485106
485107
485108
485109
485110
485111
485112
485113
485114
485115
485116
485117
485118
485119
485120
485121
485122
485123
485124
485125
485126
485127
485128
485129
485130
485131
485132
485133
485134
485135
485136
485137
485138
485139
485140
485141
485142
485143
485144
485145
485146
485147
485148
485149
485150
485151
485152
485153
485154
485155
485156
485157
485158
485159
485160
485161
485162
485163
485164
485165
485166
485167
485168
485169
485170
485171
485172
485173
485174
485175
485176
485177
485178
485179
485180
485181
485182
485183
485184
485185
485186
485187
485188
485189
485190
485191
485192
485193
485194
485195
485196
485197
485198
485199
485200
485201
485202
485203
485204
485205
485206
485207
485208
485209
485210
485211
485212
485213
485214
485215
485216
485217
485218
485219
485220
485221
485222
485223
485224
485225
485226
485227
485228
485229
485230
485231
485232
485233
485234
485235
485236
485237
485238
485239
485240
485241
485242
485243
485244
485245
485246
485247
485248
485249
485250
485251
485252
485253
485254
485255
485256
485257
485258
485259
485260
485261
485262
485263
485264
485265
485266
485267
485268
485269
485270
485271
485272
485273
485274
485275
485276
485277
485278
485279
485280
485281
485282
485283
485284
481786
481787
481788
481789
481790
481791
481792
481793
481794
481795
481796
481797
481798
481799
481800
481801
481802
481803
481804
481805
481806
481807
481808
481809
481810
481811
481812
481813
481814
481815
481816
481817
481818
481819
481820
481821
481822
481823
481824
481825
481826
481827
481828
481829
481830
481831
481832
481833
481834
481835
481836
481837
481838
481839
481840
481841
481842
481843
481844
481845
481846
481847
481848
481849
481850
481851
481852
481853
481854
481855
481856
481857
481858
481859
481860
481861
481862
481863
481864
481865
481866
481867
481868
481869
481870
481871
481872
481873
481874
481875
481876
481877
481878
481879
481880
481881
481882
481883
481884
481885
481886
481887
481888
481889
481890
481891
481892
481893
481894
481895
481896
481897
481898
481899
481900
481901
481902
481903
481904
481905
481906
481907
481908
481909
481910
481911
481912
481913
481914
481915
481916
481917
481918
481919
481920
481921
481922
481923
481924
481925
481926
481927
481928
481929
481930
481931
481932
481933
481934
481935
481936
481937
481938
481939
481940
481941
481942
481943
481944
481945
481946
481947
481948
481949
481950
481951
481952
481953
481954
481955
481956
481957
481958
481959
481960
481961
481962
481963
481964
481965
481966
481967
481968
481969
481970
481971
481972
481973
481974
481975
481976
481977
481978
481979
481980
481981
481982
481983
481984
481985
481986
481987
481988
481989
481990
481991
481992
481993
481994
481995
481996
481997
481998
481999
482000
482001
482002
482003
482004
482005
482006
482007
482008
482009
482010
482011
482012
482013
482014
482015
482016
482017
482018
482019
482020
482021
482022
482023
482024
482025
482026
482027
482028
482029
482030
482031
482032
482033
482034
482035
482036
482037
482038
482039
482040
482041
482042
482043
482044
482045
482046
482047
482048
482049
482050
482051
482052
482053
482054
482055
482056
482057
482058
482059
482060
482061
482062
482063
482064
482065
482066
482067
482068
482069
482070
482071
482072
482073
482074
482075
482076
482077
482078
482079
482080
482081
482082
482083
482084
482085
482086
482087
482088
482089
482090
482091
482092
482093
482094
482095
482096
482097
482098
482099
482100
482101
482102
482103
482104
482105
482106
482107
482108
482109
482110
482111
482112
482113
482114
482115
482116
482117
482118
482119
482120
482121
482122
482123
482124
482125
482126
482127
482128
482129
482130
482131
482132
482133
482134
482135
482136
482137
482138
482139
482140
482141
482142
482143
482144
482145
482146
482147
482148
482149
482150
482151
482152
482153
482154
482155
482156
482157
482158
482159
482160
482161
482162
482163
482164
482165
482166
482167
482168
482169
482170
482171
482172
482173
482174
482175
482176
482177
482178
482179
482180
482181
482182
482183
482184
482185
482186
482187
482188
482189
482190
482191
482192
482193
482194
482195
482196
482197
482198
482199
482200
482201
482202
482203
482204
482205
482206
482207
482208
482209
482210
482211
482212
482213
482214
482215
482216
482217
482218
482219
482220
482221
482222
482223
482224
482225
482226
482227
482228
482229
482230
482231
482232
482233
482234
482235
482236
482237
482238
482239
482240
482241
482242
482243
482244
482245
482246
482247
482248
482249
482250
482251
482252
482253
482254
482255
482256
482257
482258
482259
482260
482261
482262
482263
482264
482265
482266
482267
482268
482269
482270
482271
482272
482273
482274
482275
482276
482277
482278
482279
482280
482281
482282
482283
482284
482285
482286
482287
482288
482289
482290
482291
482292
482293
482294
482295
482296
482297
482298
482299
482300
482301
482302
482303
482304
482305
482306
482307
482308
482309
482310
482311
482312
482313
482314
482315
482316
482317
482318
482319
482320
482321
482322
482323
482324
482325
482326
482327
482328
482329
482330
482331
482332
482333
482334
482335
482336
482337
482338
482339
482340
482341
482342
482343
482344
482345
482346
482347
482348
482349
482350
482351
482352
482353
482354
482355
482356
482357
482358
482359
482360
482361
482362
482363
482364
482365
482366
482367
482368
482369
482370
482371
482372
482373
482374
482375
482376
482377
482378
482379
482380
482381
482382
482383
482384
482385
482386
482387
482388
482389
482390
482391
482392
482393
482394
482395
482396
482397
482398
482399
482400
482401
482402
482403
482404
482405
482406
482407
482408
482409
482410
482411
482412
482413
482414
482415
482416
482417
482418
482419
482420
482421
482422
482423
482424
482425
482426
482427
482428
482429
482430
482431
482432
482433
482434
482435
482436
482437
482438
482439
482440
482441
482442
482443
482444
482445
482446
482447
482448
482449
482450
482451
482452
482453
482454
482455
482456
482457
482458
482459
482460
482461
482462
482463
482464
482465
482466
482467
482468
482469
482470
482471
482472
482473
482474
482475
482476
482477
482478
482479
482480
482481
482482
482483
482484
482485
482486
482487
482488
482489
482490
482491
482492
482493
482494
482495
482496
482497
482498
482499
482500
482501
482502
482503
482504
482505
482506
482507
482508
482509
482510
482511
482512
482513
482514
482515
482516
482517
482518
482519
482520
482521
482522
482523
482524
482525
482526
482527
482528
482529
482530
482531
482532
482533
482534
482535
482536
482537
482538
482539
482540
482541
482542
482543
482544
482545
482546
482547
482548
482549
482550
482551
482552
482553
482554
482555
482556
482557
482558
482559
482560
482561
482562
482563
482564
482565
482566
482567
482568
482569
482570
482571
482572
482573
482574
482575
482576
482577
482578
482579
482580
482581
482582
482583
482584
482585
482586
482587
482588
482589
482590
482591
482592
482593
482594
482595
482596
482597
482598
482599
482600
482601
482602
482603
482604
482605
482606
482607
482608
482609
482610
482611
482612
482613
482614
482615
482616
482617
482618
482619
482620
482621
482622
482623
482624
482625
482626
482627
482628
482629
482630
482631
482632
482633
482634
482635
482636
482637
482638
482639
482640
482641
482642
482643
482644
482645
482646
482647
482648
482649
482650
482651
482652
482653
482654
482655
482656
482657
482658
482659
482660
482661
482662
482663
482664
482665
482666
482667
482668
482669
482670
482671
482672
482673
482674
482675
482676
482677
482678
482679
482680
482681
482682
482683
482684
482685
482686
482687
482688
482689
482690
482691
482692
482693
482694
482695
482696
482697
482698
482699
482700
482701
482702
482703
482704
482705
482706
482707
482708
482709
482710
482711
482712
482713
482714
482715
482716
482717
482718
482719
482720
482721
482722
482723
482724
482725
482726
482727
482728
482729
482730
482731
482732
482733
482734
482735
482736
482737
482738
482739
482740
482741
482742
482743
482744
482745
482746
482747
482748
482749
482750
482751
482752
482753
482754
482755
482756
482757
482758
482759
482760
482761
482762
482763
482764
482765
482766
482767
482768
482769
482770
482771
482772
482773
482774
482775
482776
482777
482778
482779
482780
482781
482782
482783
482784
482785
482786
482787
482788
482789
482790
482791
482792
482793
482794
482795
482796
482797
482798
482799
482800
482801
482802
482803
482804
482805
482806
482807
482808
482809
482810
482811
482812
482813
482814
482815
482816
482817
482818
482819
482820
482821
482822
482823
482824
482825
482826
482827
482828
482829
482830
482831
482832
482833
482834
482835
482836
482837
482838
482839
482840
482841
482842
482843
482844
482845
482846
482847
482848
482849
482850
482851
482852
482853
482854
482855
482856
482857
482858
482859
482860
482861
482862
482863
482864
482865
482866
482867
482868
482869
482870
482871
482872
482873
482874
482875
482876
482877
482878
482879
482880
482881
482882
482883
482884
482885
482886
482887
482888
482889
482890
482891
482892
482893
482894
482895
482896
482897
482898
482899
482900
482901
482902
482903
482904
482905
482906
482907
482908
482909
482910
482911
482912
482913
482914
482915
482916
482917
482918
482919
482920
482921
482922
482923
482924
482925
482926
482927
482928
482929
482930
482931
482932
482933
482934
482935
482936
482937
482938
482939
482940
482941
482942
482943
482944
482945
482946
482947
482948
482949
482950
482951
482952
482953
482954
482955
482956
482957
482958
482959
482960
482961
482962
482963
482964
482965
482966
482967
482968
482969
482970
482971
482972
482973
482974
482975
482976
482977
482978
482979
482980
482981
482982
482983
482984
482985
482986
482987
482988
482989
482990
482991
482992
482993
482994
482995
482996
482997
482998
482999
483000
483001
483002
483003
483004
483005
483006
483007
483008
483009
483010
483011
483012
483013
483014
483015
483016
483017
483018
483019
483020
483021
483022
483023
483024
483025
483026
483027
483028
483029
483030
483031
483032
483033
483034
483035
483036
483037
483038
483039
483040
483041
483042
483043
483044
483045
483046
483047
483048
483049
483050
483051
483052
483053
483054
483055
483056
483057
483058
483059
483060
483061
483062
483063
483064
483065
483066
483067
483068
483069
483070
483071
483072
483073
483074
483075
483076
483077
483078
483079
483080
483081
483082
483083
483084
483085
483086
483087
483088
483089
483090
483091
483092
483093
483094
483095
483096
483097
483098
483099
483100
483101
483102
483103
483104
483105
483106
483107
483108
483109
483110
483111
483112
483113
483114
483115
483116
483117
483118
483119
483120
483121
483122
483123
483124
483125
483126
483127
483128
483129
483130
483131
483132
483133
483134
483135
483136
483137
483138
483139
483140
483141
483142
483143
483144
483145
483146
483147
483148
483149
483150
483151
483152
483153
483154
483155
483156
483157
483158
483159
483160
483161
483162
483163
483164
483165
483166
483167
483168
483169
483170
483171
483172
483173
483174
483175
483176
483177
483178
483179
483180
483181
483182
483183
483184
483185
483186
483187
483188
483189
483190
483191
483192
483193
483194
483195
483196
483197
483198
483199
483200
483201
483202
483203
483204
483205
483206
483207
483208
483209
483210
483211
483212
483213
483214
483215
483216
483217
483218
483219
483220
483221
483222
483223
483224
483225
483226
483227
483228
483229
483230
483231
483232
483233
483234
483235
483236
483237
483238
483239
483240
483241
483242
483243
483244
483245
483246
483247
483248
483249
483250
483251
483252
483253
483254
483255
483256
483257
483258
483259
483260
483261
483262
483263
483264
483265
483266
483267
483268
483269
483270
483271
483272
483273
483274
483275
483276
483277
483278
483279
483280
483281
483282
483283
483284
483285
483286
483287
483288
483289
483290
483291
483292
483293
483294
483295
483296
483297
483298
483299
483300
483301
483302
483303
483304
483305
483306
483307
483308
483309
483310
483311
483312
483313
483314
483315
483316
483317
483318
483319
483320
483321
483322
483323
483324
483325
483326
483327
)


// ************************************************************************* //
